0.7908163265306123
1.316326530612245
0.1377551020408163
0.10204081632653061
24.586734693877553
4.989795918367347
2.2091836734693877
1.010204081632653
86.74489795918367
18.602040816326532
9.275510204081632
4.122448979591836
65.21938775510205
17.43877551020408
8.525510204081632
3.2346938775510203
29.551020408163264
7.566326530612245
2.295918367346939
5.260204081632653
61.15816326530612
16.193877551020407
1.6581632653061225
25.683673469387756
47.87244897959184
17.81122448979592
0.8469387755102041
30.23469387755102
4.346938775510204
30.367346938775512
3.673469387755102
0.5204081632653061
23.51530612244898
28.882653061224488
10.061224489795919
1.4081632653061225
64.14285714285714
29.566326530612244
17.433673469387756
4.663265306122449
39.91326530612245
41.83163265306123
10.11734693877551
9.494897959183673
17.586734693877553
23.091836734693878
2.4081632653061225
11.658163265306122
37.66326530612245
9.270408163265307
1.0714285714285714
27.68877551020408
63.45918367346939
17.908163265306122
0.6887755102040817
52.392857142857146
17.066326530612244
106.09183673469387
15.989795918367347
2.8520408163265305
28.551020408163264
70.45408163265306
22.903061224489797
4.6938775510204085
45.12244897959184
47.025510204081634
27.163265306122447
6.198979591836735
32.76020408163265
67.5204081632653
13.33673469387755
16.525510204081634
53.173469387755105
33.82142857142857
3.1581632653061225
24.479591836734695
37.8469387755102
6.413265306122449
0.8214285714285714
19.459183673469386
75.45408163265306
20.397959183673468
1.1173469387755102
56.07142857142857
19.959183673469386
72.06122448979592
15.270408163265307
2.8316326530612246
58.61734693877551
34.1530612244898
27.93877551020408
3.6785714285714284
55.765306122448976
18.760204081632654
26.658163265306122
2.0816326530612246
36.714285714285715
17.775510204081634
7.673469387755102
6.959183673469388
98.94897959183673
8.581632653061224
6.377551020408164
13.653061224489797
45.826530612244895
2.6377551020408165
3.1020408163265305
7.341836734693878
54.066326530612244
17.367346938775512
1.8061224489795917
31.566326530612244
30.698979591836736
21.010204081632654
18.367346938775512
0.5051020408163265
69.8061224489796
13.561224489795919
36.12755102040816
0.8010204081632653
38.974489795918366
4.127551020408164
15.872448979591837
0.32142857142857145
40.81122448979592
1.0357142857142858
8.683673469387756
0.45918367346938777
102.73979591836735
1.3673469387755102
18.193877551020407
1.4846938775510203
38.642857142857146
0.9081632653061225
5.729591836734694
1.260204081632653
21.908163265306122
7.989795918367347
1.260204081632653
8.35204081632653
47.41326530612245
34.28061224489796
28.566326530612244
0.9336734693877551
51.65816326530612
14.091836734693878
25.275510204081634
2.556122448979592
25.637755102040817
6.3061224489795915
7.811224489795919
3.295918367346939
50.94387755102041
5.219387755102041
23.040816326530614
0.9183673469387755
80.93367346938776
2.433673469387755
28.790816326530614
0.10714285714285714
21.091836734693878
0.8826530612244898
5.168367346938775
0.14285714285714285
6.183673469387755
2.566326530612245
0.576530612244898
1.3265306122448979
48.505102040816325
46.30102040816327
19.066326530612244
2.607142857142857
37.70918367346939
25.51530612244898
10.535714285714286
8.494897959183673
44.44387755102041
58.94387755102041
17.693877551020407
20.1734693877551
68.59183673469387
65.71428571428571
53.54081632653061
10.683673469387756
55.6530612244898
16.112244897959183
34.22959183673469
0.6173469387755102
8.362244897959183
0.9540816326530612
3.316326530612245
0.01020408163265306
3.357142857142857
0.5510204081632653
0.09693877551020408
0.5255102040816326