0.37755102040816324
0.04591836734693878
0.025510204081632654
0.0
6.316326530612245
1.0459183673469388
1.5153061224489797
0.0
49.744897959183675
7.525510204081633
19.025510204081634
1.2448979591836735
96.47448979591837
16.096938775510203
43.39795918367347
4.326530612244898
41.62755102040816
9.862244897959183
23.102040816326532
2.826530612244898
5.153061224489796
2.5816326530612246
3.816326530612245
0.35714285714285715
0.6581632653061225
0.4897959183673469
0.29081632653061223
0.02040816326530612
1.0765306122448979
0.2653061224489796
0.14795918367346939
0.0
14.474489795918368
2.6479591836734695
6.163265306122449
0.04081632653061224
56.515306122448976
6.290816326530612
34.984693877551024
0.10714285714285714
47.5
5.153061224489796
38.484693877551024
0.10714285714285714
7.045918367346939
1.3520408163265305
8.60204081632653
0.061224489795918366
0.2755102040816326
0.17346938775510204
0.5714285714285714
0.02040816326530612
2.1581632653061225
0.6173469387755102
0.5612244897959183
0.04081632653061224
4.821428571428571
1.6326530612244898
1.1887755102040816
0.0
35.41326530612245
7.923469387755102
17.362244897959183
0.42346938775510207
65.06122448979592
16.658163265306122
43.96938775510204
2.25
25.331632653061224
19.571428571428573
21.020408163265305
5.433673469387755
3.872448979591837
6.795918367346939
1.596938775510204
4.3979591836734695
1.0765306122448979
0.23469387755102042
0.17346938775510204
0.4030612244897959
6.841836734693878
1.8673469387755102
2.489795918367347
0.27040816326530615
18.301020408163264
7.285714285714286
7.255102040816326
0.025510204081632654
49.326530612244895
16.428571428571427
31.117346938775512
1.6683673469387754
39.295918367346935
39.13265306122449
39.255102040816325
8.571428571428571
26.862244897959183
48.67857142857143
17.01530612244898
23.035714285714285
27.632653061224488
11.362244897959183
1.2091836734693877
17.76530612244898
6.698979591836735
1.0153061224489797
1.413265306122449
1.6683673469387754
24.668367346938776
12.188775510204081
14.306122448979592
0.9693877551020408
48.53061224489796
22.571428571428573
21.744897959183675
0.09183673469387756
38.66836734693877
19.5
35.005102040816325
1.510204081632653
21.377551020408163
30.668367346938776
32.44897959183673
6.137755102040816
47.142857142857146
22.178571428571427
8.770408163265307
26.387755102040817
62.857142857142854
7.704081632653061
2.413265306122449
27.137755102040817
18.0
8.535714285714286
10.790816326530612
5.489795918367347
48.3469387755102
31.117346938775512
49.01020408163265
1.739795918367347
86.93367346938776
34.03061224489796
29.489795918367346
0.5459183673469388
40.765306122448976
13.005102040816327
25.78061224489796
0.12244897959183673
12.51530612244898
6.423469387755102
9.35204081632653
1.6071428571428572
38.107142857142854
3.204081632653061
1.1989795918367347
16.683673469387756
64.79591836734694
14.209183673469388
3.433673469387755
31.551020408163264
30.668367346938776
28.270408163265305
23.994897959183675
10.91326530612245
51.81122448979592
34.51020408163265
59.015306122448976
1.316326530612245
155.73469387755102
109.36734693877551
28.71938775510204
6.25
45.566326530612244
14.755102040816327
13.275510204081632
0.00510204081632653
3.693877551020408
0.8469387755102041
0.9285714285714286
0.29591836734693877
20.724489795918366
4.035714285714286
0.17346938775510204
9.21938775510204
52.525510204081634
41.744897959183675
4.683673469387755
28.362244897959183
40.86734693877551
73.34183673469387
25.755102040816325
14.08673469387755
44.19897959183673
42.142857142857146
34.26020408163265
0.8673469387755102