0.4387755102040816
6.795918367346939
0.7091836734693877
0.1683673469387755
0.11224489795918367
8.448979591836734
1.0816326530612246
0.0
7.775510204081633
16.8265306122449
2.4948979591836733
0.9030612244897959
72.18877551020408
36.51020408163265
5.464285714285714
9.959183673469388
104.81632653061224
48.816326530612244
6.535714285714286
17.617346938775512
34.357142857142854
53.224489795918366
6.433673469387755
7.11734693877551
20.897959183673468
90.74489795918367
11.122448979591837
4.6938775510204085
6.948979591836735
86.36224489795919
10.331632653061224
2.3469387755102042
0.34183673469387754
78.0204081632653
14.255102040816327
0.22959183673469388
2.2551020408163267
94.46938775510205
15.76530612244898
0.5408163265306123
26.729591836734695
82.07142857142857
15.326530612244898
5.61734693877551
52.494897959183675
49.076530612244895
13.173469387755102
11.306122448979592
25.214285714285715
79.35714285714286
13.5
4.704081632653061
18.852040816326532
130.94897959183675
15.51530612244898
4.326530612244898
12.688775510204081
135.44387755102042
19.464285714285715
5.01530612244898
1.9591836734693877
90.60714285714286
21.367346938775512
0.4846938775510204
2.760204081632653
97.11734693877551
20.535714285714285
1.0357142857142858
23.112244897959183
86.91326530612245
15.290816326530612
8.13265306122449
69.68877551020408
39.505102040816325
11.066326530612244
11.321428571428571
42.96938775510204
30.974489795918366
6.438775510204081
3.5255102040816326
9.010204081632653
40.30102040816327
3.86734693877551
0.8418367346938775
7.214285714285714
30.091836734693878
6.11734693877551
1.5561224489795917
21.224489795918366
22.801020408163264
19.43877551020408
1.4744897959183674
24.551020408163264
60.33163265306123
34.484693877551024
3.2551020408163267
28.637755102040817
77.71938775510205
17.95408163265306
13.096938775510203
70.84693877551021
30.331632653061224
7.418367346938775
15.362244897959183
48.744897959183675
8.21938775510204
1.8112244897959184
6.255102040816326
9.908163265306122
4.163265306122449
0.15306122448979592
1.3673469387755102
8.831632653061224
2.086734693877551
1.413265306122449
1.6377551020408163
46.316326530612244
13.755102040816327
11.974489795918368
13.066326530612244
48.94387755102041
45.285714285714285
19.096938775510203
20.316326530612244
34.36734693877551
53.683673469387756
14.857142857142858
13.33673469387755
66.82142857142857
24.209183673469386
10.71938775510204
10.51530612244898
51.27040816326531
8.607142857142858
2.795918367346939
6.285714285714286
17.53061224489796
5.459183673469388
0.5714285714285714
1.510204081632653
3.2653061224489797
1.0612244897959184
0.10714285714285714
1.3010204081632653
16.928571428571427
13.525510204081632
1.25
14.204081632653061
18.520408163265305
58.86734693877551
4.744897959183674
26.040816326530614
22.397959183673468
79.50510204081633
16.913265306122447
13.142857142857142
57.357142857142854
33.95918367346939
19.5765306122449
6.3520408163265305
50.244897959183675
10.790816326530612
7.729591836734694
2.816326530612245
18.520408163265305
6.096938775510204
1.5408163265306123
0.8418367346938775
0.5
1.6122448979591837
0.12755102040816327
0.3010204081632653
2.3979591836734695
14.372448979591837
2.5153061224489797
2.5816326530612246
8.051020408163266
51.86224489795919
15.505102040816327
5.571428571428571
33.423469387755105
83.98979591836735
43.91326530612245
4.877551020408164
64.44897959183673
58.85204081632653
47.28061224489796
2.7653061224489797
36.89795918367347
22.102040816326532
15.275510204081632
0.7448979591836735
10.826530612244898
8.23469387755102
2.566326530612245
0.22959183673469388