1.739795918367347
2.163265306122449
0.17346938775510204
0.07653061224489796
22.632653061224488
12.071428571428571
0.8673469387755102
3.5816326530612246
79.64285714285714
35.10204081632653
1.8316326530612246
17.198979591836736
83.77551020408163
42.11224489795919
2.556122448979592
20.933673469387756
31.306122448979593
38.142857142857146
5.974489795918367
6.637755102040816
16.525510204081634
49.56122448979592
9.255102040816327
0.7091836734693877
38.62244897959184
72.71428571428571
9.816326530612244
2.6020408163265305
5.392857142857143
29.056122448979593
2.6479591836734695
0.6785714285714286
7.127551020408164
39.20918367346939
6.1479591836734695
1.6989795918367347
30.367346938775512
44.775510204081634
9.683673469387756
7.336734693877551
41.08163265306123
39.994897959183675
7.872448979591836
14.03061224489796
25.51530612244898
56.18877551020408
11.362244897959183
8.678571428571429
15.846938775510203
69.4234693877551
15.10204081632653
2.127551020408163
27.0765306122449
76.54081632653062
12.933673469387756
2.1530612244897958
15.658163265306122
95.3265306122449
8.056122448979592
2.836734693877551
4.295918367346939
92.17857142857143
14.158163265306122
1.1734693877551021
7.127551020408164
83.98979591836735
15.88265306122449
2.7551020408163267
17.607142857142858
59.07142857142857
8.545918367346939
15.785714285714286
29.785714285714285
48.295918367346935
7.188775510204081
25.607142857142858
20.632653061224488
49.5969387755102
7.887755102040816
14.974489795918368
12.755102040816327
43.41836734693877
5.668367346938775
4.413265306122449
7.0561224489795915
59.67857142857143
4.98469387755102
1.6479591836734695
0.8367346938775511
40.20918367346939
6.270408163265306
0.35714285714285715
0.6224489795918368
29.04591836734694
4.892857142857143
0.9081632653061225
7.086734693877551
22.709183673469386
2.1479591836734695
10.025510204081632
22.132653061224488
34.11224489795919
1.9234693877551021
30.51530612244898
20.974489795918366
50.433673469387756
3.0816326530612246
31.551020408163264
15.127551020408163
56.69897959183673
2.693877551020408
19.142857142857142
7.403061224489796
38.46938775510204
1.2857142857142858
8.056122448979592
2.413265306122449
11.076530612244898
0.6173469387755102
5.066326530612245
0.4744897959183674
2.729591836734694
0.17346938775510204
1.1734693877551021
1.2244897959183674
2.1377551020408165
0.3877551020408163
1.0357142857142858
6.469387755102041
11.678571428571429
1.7704081632653061
6.76530612244898
10.0
31.56122448979592
2.479591836734694
12.428571428571429
11.918367346938776
53.92857142857143
2.811224489795918
13.48469387755102
19.122448979591837
75.29081632653062
1.3979591836734695
25.974489795918366
10.362244897959183
46.60204081632653
1.1122448979591837
31.586734693877553
4.081632653061225
30.091836734693878
0.20918367346938777
18.535714285714285
0.7448979591836735
17.591836734693878
0.09693877551020408
5.831632653061225
1.0612244897959184
11.673469387755102
0.6224489795918368
1.7755102040816326
1.566326530612245
11.596938775510203
1.2857142857142858
0.8367346938775511
3.1020408163265305
15.637755102040817
2.2193877551020407
0.9285714285714286
10.28061224489796
34.14795918367347
0.40816326530612246
16.316326530612244
14.627551020408163
62.33673469387755
0.5714285714285714
38.81122448979592
13.60204081632653
111.90306122448979
0.32142857142857145
47.06122448979592
7.755102040816326
150.12244897959184
0.8469387755102041
31.255102040816325
8.183673469387756
155.80612244897958
3.4846938775510203
14.51530612244898
13.311224489795919
122.87244897959184
5.607142857142857
6.5561224489795915
28.168367346938776
97.71428571428571
8.520408163265307
4.505102040816326