3.36734693877551
17.948979591836736
1.2346938775510203
1.2448979591836735
27.693877551020407
31.183673469387756
6.627551020408164
2.760204081632653
95.9795918367347
48.474489795918366
22.525510204081634
7.23469387755102
73.42857142857143
68.95408163265306
29.79591836734694
6.48469387755102
18.21938775510204
63.5969387755102
27.086734693877553
1.9234693877551021
8.811224489795919
28.602040816326532
12.326530612244898
1.066326530612245
1.9795918367346939
5.11734693877551
1.1938775510204083
0.10714285714285714
7.821428571428571
71.94897959183673
7.377551020408164
4.6479591836734695
21.81122448979592
84.38775510204081
14.571428571428571
6.739795918367347
57.85204081632653
53.94897959183673
22.56122448979592
8.933673469387756
32.37755102040816
72.04591836734694
25.290816326530614
4.6938775510204085
13.392857142857142
74.11224489795919
22.75
2.316326530612245
13.816326530612244
33.05102040816327
10.86734693877551
2.5510204081632653
2.4489795918367347
7.204081632653061
1.3061224489795917
0.7959183673469388
4.780612244897959
48.79081632653061
6.9438775510204085
2.413265306122449
30.525510204081634
40.683673469387756
10.11734693877551
4.224489795918367
83.14795918367346
33.55102040816327
14.775510204081632
9.78061224489796
37.84183673469388
54.275510204081634
18.994897959183675
5.775510204081633
29.367346938775512
60.816326530612244
26.525510204081634
6.964285714285714
26.98469387755102
58.08673469387755
13.23469387755102
20.73469387755102
8.41326530612245
30.479591836734695
1.2295918367346939
24.428571428571427
5.071428571428571
14.209183673469388
15.01530612244898
0.09183673469387756
25.321428571428573
33.464285714285715
31.744897959183675
2.1122448979591835
57.54081632653061
41.066326530612244
26.0765306122449
11.040816326530612
44.785714285714285
65.72448979591837
32.09183673469388
10.53061224489796
48.765306122448976
53.86224489795919
41.173469387755105
8.045918367346939
24.1734693877551
58.826530612244895
15.63265306122449
24.46938775510204
64.51530612244898
51.56122448979592
2.1377551020408165
68.68367346938776
42.923469387755105
31.433673469387756
50.19387755102041
0.5102040816326531
25.051020408163264
42.36224489795919
48.275510204081634
2.8316326530612246
55.683673469387756
32.994897959183675
19.96938775510204
15.954081632653061
64.11734693877551
26.78061224489796
31.137755102040817
14.005102040816327
52.964285714285715
12.760204081632653
38.35204081632653
2.8214285714285716
13.561224489795919
8.16326530612245
7.668367346938775
5.188775510204081
148.83163265306123
17.443877551020407
14.61734693877551
37.505102040816325
103.05102040816327
40.316326530612244
38.61734693877551
14.954081632653061
28.71938775510204
32.642857142857146
26.091836734693878
5.260204081632653
41.73979591836735
32.70918367346939
28.918367346938776
8.612244897959183
50.91836734693877
29.775510204081634
28.127551020408163
13.668367346938776
32.42857142857143
11.622448979591837
16.214285714285715
7.775510204081633
10.770408163265307
2.9285714285714284
10.658163265306122
0.5816326530612245
136.80102040816325
12.790816326530612
54.70918367346939
3.954081632653061
80.98979591836735
93.42857142857143
10.392857142857142
47.44387755102041
19.596938775510203
115.4795918367347
34.80102040816327
16.306122448979593
18.852040816326532
72.43367346938776
47.183673469387756
4.153061224489796
30.816326530612244
39.265306122448976
19.56122448979592
12.775510204081632
29.892857142857142
21.489795918367346
9.464285714285714
10.46938775510204
43.60204081632653
26.658163265306122
43.42857142857143
2.11734693877551
93.29591836734694
35.535714285714285
78.46938775510205
1.219387755102041