4.4438775510204085
1.316326530612245
0.03571428571428571
0.2755102040816326
45.214285714285715
10.76530612244898
1.4846938775510203
3.566326530612245
51.20918367346939
11.979591836734693
2.7244897959183674
4.301020408163265
28.448979591836736
5.23469387755102
1.683673469387755
1.9489795918367347
124.60714285714286
19.892857142857142
4.38265306122449
12.158163265306122
89.5561224489796
26.102040816326532
7.392857142857143
10.581632653061224
28.801020408163264
34.77040816326531
9.698979591836734
2.056122448979592
7.596938775510204
5.780612244897959
0.7908163265306123
0.49489795918367346
65.23469387755102
9.96938775510204
3.729591836734694
5.872448979591836
69.96428571428571
15.183673469387756
6.229591836734694
6.836734693877551
19.612244897959183
26.637755102040817
9.561224489795919
1.8316326530612246
68.91326530612245
24.95408163265306
16.091836734693878
5.561224489795919
53.13775510204081
42.933673469387756
19.117346938775512
7.096938775510204
28.836734693877553
68.46428571428571
18.596938775510203
3.7244897959183674
12.96938775510204
70.63775510204081
9.959183673469388
2.61734693877551
49.53061224489796
40.515306122448976
16.183673469387756
6.413265306122449
49.607142857142854
51.88265306122449
20.397959183673468
9.153061224489797
16.096938775510203
85.6734693877551
26.21938775510204
3.13265306122449
52.36224489795919
49.423469387755105
21.95408163265306
7.525510204081633
45.964285714285715
38.285714285714285
19.642857142857142
4.096938775510204
15.755102040816327
53.0969387755102
11.658163265306122
1.6224489795918366
19.56122448979592
129.35714285714286
20.816326530612244
5.704081632653061
44.65816326530612
57.63265306122449
18.622448979591837
9.331632653061224
60.16326530612245
36.52040816326531
19.9234693877551
6.88265306122449
22.6734693877551
41.13265306122449
12.821428571428571
2.413265306122449
82.08163265306122
22.755102040816325
10.862244897959183
6.433673469387755
60.244897959183675
10.295918367346939
7.551020408163265
2.693877551020408
4.3520408163265305
7.438775510204081
1.25
0.04081632653061224
10.91326530612245
42.816326530612244
8.653061224489797
2.7908163265306123
69.89285714285714
14.010204081632653
5.760204081632653
9.26530612244898
91.64285714285714
3.9591836734693877
3.5153061224489797
11.811224489795919
22.908163265306122
3.3520408163265305
1.75
3.0
43.13775510204081
13.306122448979592
6.260204081632653
3.63265306122449
29.107142857142858
8.03061224489796
3.520408163265306
1.8010204081632653
2.2244897959183674
1.9846938775510203
0.8775510204081632
0.20918367346938777
3.9285714285714284
2.479591836734694
0.46938775510204084
0.37755102040816324
50.6530612244898
2.5255102040816326
0.8826530612244898
12.571428571428571
81.0765306122449
7.887755102040816
1.4234693877551021
30.091836734693878
18.071428571428573
12.510204081632653
0.7653061224489796
14.5
4.801020408163265
13.66326530612245
1.780612244897959
3.0510204081632653
3.11734693877551
13.698979591836734
3.0408163265306123
0.8979591836734694
6.73469387755102
23.357142857142858
7.612244897959184
1.3775510204081634
1.0765306122448979
0.3826530612244898
0.0
0.22448979591836735
21.193877551020407
4.566326530612245
0.2193877551020408
11.081632653061224
45.6530612244898
44.704081632653065
0.7091836734693877
51.045918367346935
17.892857142857142
132.68367346938774
1.2653061224489797
45.392857142857146
3.9744897959183674
176.04591836734693
6.989795918367347
16.081632653061224
6.311224489795919
172.41836734693877
15.438775510204081
6.086734693877551
49.04081632653061
185.81632653061226
30.882653061224488
6.4438775510204085