0.8112244897959183
1.0408163265306123
0.09183673469387756
0.1377551020408163
15.693877551020408
17.872448979591837
1.3010204081632653
7.826530612244898
42.61224489795919
70.26530612244898
5.948979591836735
41.734693877551024
48.94897959183673
64.83673469387755
11.51530612244898
49.75
23.377551020408163
14.510204081632653
5.586734693877551
14.341836734693878
1.760204081632653
0.6173469387755102
0.23979591836734693
0.39285714285714285
1.1428571428571428
0.14285714285714285
0.05102040816326531
0.2857142857142857
0.7704081632653061
0.30612244897959184
0.09693877551020408
0.030612244897959183
1.1887755102040816
1.469387755102041
0.5816326530612245
0.4744897959183674
14.806122448979592
13.270408163265307
11.46938775510204
4.964285714285714
35.535714285714285
24.637755102040817
26.285714285714285
10.857142857142858
18.25
8.306122448979592
9.790816326530612
5.816326530612245
1.2091836734693877
0.5357142857142857
0.19387755102040816
0.2857142857142857
1.2295918367346939
0.34183673469387754
0.015306122448979591
0.44387755102040816
3.066326530612245
2.2806122448979593
0.6173469387755102
0.3112244897959184
3.8877551020408165
2.173469387755102
1.0
1.153061224489796
24.3265306122449
18.28061224489796
8.5
14.545918367346939
28.163265306122447
20.959183673469386
12.239795918367347
17.403061224489797
7.596938775510204
4.566326530612245
3.413265306122449
3.5255102040816326
4.903061224489796
5.51530612244898
0.3673469387755102
4.091836734693878
7.658163265306122
8.14795918367347
0.3622448979591837
8.505102040816327
30.367346938775512
20.29591836734694
7.163265306122449
3.7551020408163267
10.88265306122449
5.663265306122449
2.9744897959183674
2.193877551020408
22.556122448979593
13.60204081632653
1.9438775510204083
20.846938775510203
55.025510204081634
17.21938775510204
2.9489795918367347
44.87755102040816
24.852040816326532
3.5969387755102042
0.6938775510204082
13.96938775510204
16.112244897959183
12.86734693877551
0.8928571428571429
15.98469387755102
42.39795918367347
24.882653061224488
1.1326530612244898
46.392857142857146
98.58163265306122
30.8265306122449
19.071428571428573
11.428571428571429
20.290816326530614
7.760204081632653
6.36734693877551
3.4183673469387754
12.831632653061224
4.1938775510204085
0.9744897959183674
7.73469387755102
79.75510204081633
5.642857142857143
3.3520408163265305
28.056122448979593
63.505102040816325
2.913265306122449
2.7193877551020407
17.994897959183675
15.566326530612244
5.653061224489796
0.5918367346938775
13.035714285714286
87.54081632653062
26.198979591836736
2.75
63.57142857142857
117.71428571428571
28.586734693877553
20.107142857142858
14.877551020408163
24.096938775510203
8.658163265306122
5.933673469387755
6.311224489795919
16.872448979591837
13.025510204081632
3.5969387755102042
6.596938775510204
82.19897959183673
10.918367346938776
13.556122448979592
7.887755102040816
76.73979591836735
2.056122448979592
8.964285714285714
5.964285714285714
10.040816326530612
0.7244897959183674
0.6632653061224489
2.704081632653061
71.81632653061224
20.933673469387756
3.607142857142857
28.06122448979592
93.06632653061224
48.19897959183673
14.173469387755102
12.714285714285714
32.62755102040816
21.877551020408163
4.566326530612245
12.061224489795919
44.57142857142857
68.44897959183673
11.591836734693878
25.602040816326532
74.68877551020408
73.69897959183673
36.734693877551024
12.112244897959183
62.505102040816325
15.489795918367347
20.571428571428573
1.1887755102040816
6.494897959183674
0.4744897959183674
1.0714285714285714
0.3163265306122449
30.831632653061224
11.025510204081632
2.663265306122449
5.040816326530612