46.70918367346939
18.964285714285715
3.306122448979592
4.448979591836735
5.607142857142857
3.377551020408163
0.9030612244897959
0.673469387755102
4.153061224489796
14.362244897959183
2.954081632653061
0.5714285714285714
45.16836734693877
36.01020408163265
9.061224489795919
5.6479591836734695
105.84183673469387
50.09183673469388
12.556122448979592
15.142857142857142
51.55612244897959
57.724489795918366
6.933673469387755
9.948979591836734
19.382653061224488
61.98979591836735
5.066326530612245
4.204081632653061
115.25
22.255102040816325
8.755102040816327
8.005102040816327
15.239795918367347
12.928571428571429
4.785714285714286
1.7704081632653061
7.704081632653061
58.734693877551024
14.86734693877551
2.0306122448979593
17.45408163265306
82.88265306122449
18.571428571428573
5.061224489795919
52.70918367346939
49.484693877551024
13.39795918367347
12.642857142857142
38.08163265306123
60.62755102040816
9.678571428571429
7.214285714285714
19.658163265306122
79.40816326530613
8.551020408163266
3.88265306122449
174.22448979591837
13.816326530612244
9.535714285714286
6.464285714285714
18.647959183673468
11.98469387755102
4.673469387755102
1.7857142857142858
5.168367346938775
41.173469387755105
11.0
1.6479591836734695
14.341836734693878
44.30612244897959
8.581632653061224
3.9030612244897958
75.59183673469387
24.48469387755102
5.428571428571429
12.198979591836734
63.37244897959184
23.408163265306122
4.8979591836734695
6.3520408163265305
14.943877551020408
25.683673469387756
2.836734693877551
1.1683673469387754
185.60714285714286
8.326530612244898
7.362244897959184
4.826530612244898
16.23469387755102
2.306122448979592
2.2755102040816326
0.8367346938775511
3.5816326530612246
16.214285714285715
6.86734693877551
0.7040816326530612
12.770408163265307
33.58673469387755
7.36734693877551
3.204081632653061
74.91836734693878
23.403061224489797
6.183673469387755
9.423469387755102
70.39795918367346
12.326530612244898
2.5714285714285716
9.326530612244898
16.525510204081634
9.86734693877551
0.336734693877551
3.9744897959183674
184.7908163265306
7.903061224489796
4.698979591836735
7.423469387755102
29.852040816326532
2.326530612244898
5.158163265306122
1.7755102040816326
33.734693877551024
33.33673469387755
22.857142857142858
3.326530612244898
19.132653061224488
76.53571428571429
17.903061224489797
9.510204081632653
46.56122448979592
49.484693877551024
9.795918367346939
14.433673469387756
49.316326530612244
31.70408163265306
4.964285714285714
17.270408163265305
23.459183673469386
46.86734693877551
1.760204081632653
23.209183673469386
170.27551020408163
11.60204081632653
3.7551020408163267
13.0
44.6530612244898
1.719387755102041
3.954081632653061
5.989795918367347
73.80102040816327
19.459183673469386
14.428571428571429
18.341836734693878
37.56122448979592
46.05102040816327
13.693877551020408
16.102040816326532
55.265306122448976
35.0969387755102
13.540816326530612
10.88265306122449
44.0969387755102
36.285714285714285
8.877551020408163
13.801020408163266
36.755102040816325
70.66836734693878
3.0306122448979593
34.19897959183673
159.68367346938774
43.89795918367347
5.913265306122449
19.98469387755102
41.58673469387755
6.933673469387755
2.4591836734693877
9.16326530612245
54.15816326530612
32.38265306122449
2.3316326530612246
42.70918367346939
38.47959183673469
106.09693877551021
14.994897959183673
41.39795918367347
53.933673469387756
86.62755102040816
36.58673469387755
6.821428571428571
45.525510204081634
38.25
16.755102040816325
5.8061224489795915
40.295918367346935
51.26020408163265
3.193877551020408
18.535714285714285