22.806122448979593
45.31122448979592
1.9846938775510203
4.418367346938775
20.510204081632654
63.80102040816327
2.2551020408163267
11.903061224489797
20.224489795918366
101.20918367346938
2.5816326530612246
27.209183673469386
17.520408163265305
106.98979591836735
2.2755102040816326
33.744897959183675
13.48469387755102
68.53571428571429
1.5153061224489797
19.566326530612244
7.168367346938775
31.367346938775512
0.7091836734693877
6.959183673469388
4.86734693877551
16.31122448979592
0.25
3.061224489795918
59.576530612244895
43.41836734693877
6.561224489795919
5.127551020408164
28.346938775510203
20.877551020408163
5.280612244897959
2.688775510204082
9.408163265306122
13.525510204081632
2.5306122448979593
2.5255102040816326
5.1479591836734695
19.03061224489796
1.8775510204081634
4.719387755102041
4.224489795918367
21.43877551020408
1.5357142857142858
4.892857142857143
2.795918367346939
15.076530612244898
0.75
2.489795918367347
2.3214285714285716
9.112244897959183
0.35714285714285715
1.433673469387755
105.70408163265306
38.48979591836735
9.556122448979592
5.954081632653061
41.525510204081634
30.229591836734695
7.770408163265306
3.770408163265306
11.5
40.60204081632653
7.795918367346939
1.469387755102041
4.045918367346939
55.015306122448976
6.933673469387755
1.219387755102041
0.9030612244897959
59.59183673469388
3.2448979591836733
3.239795918367347
0.8163265306122449
44.484693877551024
0.6377551020408163
7.438775510204081
3.4285714285714284
25.301020408163264
0.17857142857142858
8.020408163265307
85.93367346938776
59.85204081632653
8.28061224489796
8.91326530612245
22.209183673469386
72.31122448979592
15.474489795918368
5.913265306122449
5.846938775510204
93.68367346938776
19.68877551020408
2.1377551020408165
2.2857142857142856
104.5204081632653
13.755102040816327
3.1122448979591835
0.8928571428571429
106.37244897959184
4.811224489795919
8.045918367346939
6.790816326530612
91.51020408163265
1.5765306122448979
21.448979591836736
45.94897959183673
69.87244897959184
1.6326530612244898
34.18877551020408
32.35204081632653
60.505102040816325
6.081632653061225
5.775510204081633
4.846938775510204
43.734693877551024
12.5
2.2448979591836733
1.4285714285714286
35.474489795918366
10.362244897959183
0.9285714285714286
0.8061224489795918
28.25
4.969387755102041
1.1683673469387754
1.8010204081632653
28.98469387755102
2.566326530612245
3.0255102040816326
16.071428571428573
37.80102040816327
6.6938775510204085
10.51530612244898
112.0765306122449
50.423469387755105
17.010204081632654
25.29591836734694
6.525510204081633
24.408163265306122
1.4438775510204083
2.1530612244897958
1.5204081632653061
11.729591836734693
2.1479591836734695
1.7244897959183674
0.673469387755102
7.88265306122449
1.8775510204081634
0.9846938775510204
0.9285714285714286
12.153061224489797
4.948979591836735
0.2653061224489796
4.0
24.255102040816325
15.260204081632653
0.11734693877551021
16.76530612244898
39.41836734693877
28.6734693877551
0.673469387755102
80.03061224489795
49.785714285714285
38.96938775510204
3.2244897959183674
14.025510204081632
45.57142857142857
1.260204081632653
4.73469387755102
8.653061224489797
63.826530612244895
4.403061224489796
5.719387755102041
9.188775510204081
98.66836734693878
13.683673469387756
4.428571428571429
11.025510204081632
119.10714285714286
30.632653061224488
2.377551020408163
12.183673469387756
111.03571428571429
45.37244897959184
0.7448979591836735
16.724489795918366
76.38775510204081
42.316326530612244
0.16326530612244897
26.581632653061224
47.40816326530612
27.377551020408163
0.0