148.75510204081633
112.89795918367346
2.489795918367347
11.071428571428571
69.03061224489795
43.484693877551024
1.3928571428571428
8.010204081632653
30.459183673469386
13.545918367346939
0.8010204081632653
3.2857142857142856
10.627551020408163
2.8622448979591835
0.3163265306122449
1.1122448979591837
0.7448979591836735
0.20918367346938777
0.015306122448979591
0.11224489795918367
0.0
0.0
0.0
0.0
0.0
0.0
0.0
0.0
105.78061224489795
17.836734693877553
2.6989795918367347
2.316326530612245
57.11734693877551
7.326530612244898
1.6938775510204083
1.6377551020408163
29.6734693877551
2.9030612244897958
0.7755102040816326
0.75
10.010204081632653
0.3163265306122449
0.22959183673469388
0.3010204081632653
0.9132653061224489
0.03571428571428571
0.02040816326530612
0.01020408163265306
0.0
0.0
0.0
0.0
0.12244897959183673
0.07142857142857142
0.02040816326530612
0.0
107.95408163265306
15.372448979591837
2.4693877551020407
1.836734693877551
56.724489795918366
6.489795918367347
1.7244897959183674
1.3877551020408163
28.68877551020408
2.561224489795918
0.7806122448979592
0.5510204081632653
9.653061224489797
0.4642857142857143
0.4387755102040816
0.15816326530612246
0.8418367346938775
0.03571428571428571
0.02040816326530612
0.0
0.03571428571428571
0.04591836734693878
0.04081632653061224
0.0
0.42857142857142855
0.6326530612244898
0.3877551020408163
0.0
103.09693877551021
21.494897959183675
2.2806122448979593
3.8418367346938775
56.23979591836735
8.096938775510203
1.280612244897959
2.9030612244897958
28.48469387755102
3.3979591836734695
0.6173469387755102
1.316326530612245
9.688775510204081
0.7142857142857143
0.34183673469387754
0.41836734693877553
0.6173469387755102
0.05102040816326531
0.10204081632653061
0.025510204081632654
0.5510204081632653
0.5255102040816326
0.5357142857142857
0.0
5.23469387755102
6.98469387755102
2.9285714285714284
0.1989795918367347
89.61734693877551
25.367346938775512
1.25
6.183673469387755
54.85204081632653
12.86734693877551
0.5561224489795918
6.979591836734694
31.6734693877551
7.290816326530612
0.33163265306122447
4.255102040816326
11.403061224489797
2.1122448979591835
0.28061224489795916
1.3775510204081634
1.8877551020408163
1.6122448979591837
0.9846938775510204
0.1989795918367347
3.122448979591837
6.979591836734694
4.622448979591836
0.0
19.70408163265306
29.637755102040817
15.612244897959183
0.576530612244898
61.66836734693877
27.163265306122447
0.1989795918367347
8.193877551020408
46.954081632653065
22.29591836734694
0.08163265306122448
13.045918367346939
33.683673469387756
22.285714285714285
0.21428571428571427
12.193877551020408
16.382653061224488
20.229591836734695
1.653061224489796
5.775510204081633
7.48469387755102
22.683673469387756
6.8061224489795915
1.5561224489795917
9.244897959183673
30.091836734693878
14.887755102040817
0.2755102040816326
32.14795918367347
55.224489795918366
26.147959183673468
0.4489795918367347
32.295918367346935
27.617346938775512
0.01020408163265306
7.9438775510204085
37.484693877551024
57.515306122448976
0.04081632653061224
20.489795918367346
31.372448979591837
108.38265306122449
1.0051020408163265
25.301020408163264
21.392857142857142
146.94387755102042
7.239795918367347
16.617346938775512
18.556122448979593
142.25
18.520408163265305
6.040816326530612
21.53061224489796
112.64795918367346
23.010204081632654
2.1581632653061225
39.69387755102041
105.15306122448979
24.76530612244898
2.0816326530612246