113.77551020408163
95.37755102040816
2.622448979591837
16.816326530612244
65.7295918367347
37.19387755102041
0.8724489795918368
12.561224489795919
27.168367346938776
8.64795918367347
0.35714285714285715
4.755102040816326
5.158163265306122
1.7448979591836735
2.2908163265306123
0.42857142857142855
13.051020408163266
8.209183673469388
9.964285714285714
0.3163265306122449
22.163265306122447
17.678571428571427
13.091836734693878
1.0153061224489797
21.653061224489797
18.51530612244898
7.244897959183674
0.923469387755102
64.20408163265306
31.122448979591837
1.0
11.081632653061224
56.27040816326531
20.607142857142858
0.6683673469387755
14.58673469387755
33.75
12.933673469387756
2.7346938775510203
9.03061224489796
10.01530612244898
13.811224489795919
15.576530612244898
1.260204081632653
13.443877551020408
25.6734693877551
32.025510204081634
0.40816326530612246
14.464285714285714
29.494897959183675
25.45408163265306
0.7397959183673469
10.89795918367347
22.867346938775512
9.71938775510204
1.066326530612245
40.44387755102041
17.770408163265305
0.9183673469387755
6.908163265306122
47.87755102040816
24.377551020408163
3.520408163265306
14.479591836734693
35.80612244897959
34.964285714285715
14.566326530612244
12.979591836734693
15.112244897959183
42.30102040816327
39.04081632653061
3.0255102040816326
10.872448979591837
41.785714285714285
41.72959183673469
0.6530612244897959
6.26530612244898
29.913265306122447
20.408163265306122
0.5561224489795918
5.107142857142857
16.668367346938776
6.0
0.7040816326530612
25.571428571428573
19.790816326530614
5.6479591836734695
3.183673469387755
34.38265306122449
32.35204081632653
17.505102040816325
6.423469387755102
28.54591836734694
41.244897959183675
31.408163265306122
5.198979591836735
13.857142857142858
35.775510204081634
34.51020408163265
1.5510204081632653
5.01530612244898
20.596938775510203
16.596938775510203
0.2193877551020408
1.2040816326530612
8.357142857142858
4.244897959183674
0.1836734693877551
0.7244897959183674
3.566326530612245
0.8928571428571429
0.09183673469387756
48.204081632653065
38.744897959183675
15.010204081632653
1.3877551020408163
38.36734693877551
31.964285714285715
23.948979591836736
1.5357142857142858
25.581632653061224
23.816326530612244
23.244897959183675
0.8979591836734694
7.739795918367347
9.903061224489797
9.974489795918368
0.27040816326530615
1.030612244897959
2.811224489795918
2.0306122448979593
0.04591836734693878
0.08163265306122448
2.2551020408163267
0.9591836734693877
0.0
1.7857142857142858
7.357142857142857
1.989795918367347
0.4897959183673469
75.0561224489796
40.392857142857146
8.13265306122449
8.255102040816327
44.08673469387755
28.70408163265306
7.872448979591836
10.39795918367347
21.806122448979593
24.571428571428573
4.673469387755102
7.704081632653061
4.6479591836734695
20.29591836734694
1.6581632653061225
2.642857142857143
1.2346938775510203
21.025510204081634
2.4846938775510203
0.6836734693877551
1.719387755102041
26.301020408163264
5.683673469387755
0.2755102040816326
14.831632653061224
51.33673469387755
9.64795918367347
3.173469387755102
52.234693877551024
58.035714285714285
0.4489795918367347
18.25
29.408163265306122
89.12755102040816
0.4846938775510204
27.428571428571427
17.566326530612244
138.94387755102042
1.0816326530612246
24.357142857142858
6.020408163265306
167.30612244897958
4.1020408163265305
11.816326530612244
4.780612244897959
169.41836734693877
9.831632653061224
4.244897959183674
8.153061224489797
156.71428571428572
16.025510204081634
1.913265306122449
58.515306122448976
179.96428571428572
27.005102040816325
6.545918367346939