181.47448979591837
57.025510204081634
7.030612244897959
7.357142857142857
40.0
8.346938775510203
2.229591836734694
1.8316326530612246
9.622448979591837
8.306122448979592
2.5408163265306123
0.9693877551020408
18.81122448979592
46.87755102040816
10.795918367346939
2.423469387755102
16.03061224489796
88.65816326530613
12.908163265306122
2.688775510204082
22.627551020408163
88.41836734693878
8.035714285714286
4.622448979591836
33.29081632653061
56.38775510204081
3.61734693877551
4.755102040816326
158.25
15.38265306122449
6.841836734693878
3.7193877551020407
34.62755102040816
1.6377551020408163
2.306122448979592
0.8673469387755102
9.244897959183673
10.918367346938776
3.989795918367347
1.316326530612245
12.204081632653061
44.05612244897959
11.510204081632653
3.2091836734693877
6.423469387755102
61.82142857142857
10.770408163265307
2.9846938775510203
7.066326530612245
51.61224489795919
4.714285714285714
3.3520408163265305
13.591836734693878
32.69387755102041
2.693877551020408
2.8877551020408165
168.33673469387756
12.994897959183673
6.423469387755102
2.857142857142857
33.39795918367347
1.346938775510204
2.0
0.6530612244897959
4.841836734693878
7.86734693877551
2.642857142857143
1.1479591836734695
4.285714285714286
19.73469387755102
5.403061224489796
1.0561224489795917
1.6887755102040816
21.520408163265305
3.076530612244898
1.163265306122449
1.9183673469387754
17.413265306122447
0.9948979591836735
1.5
3.433673469387755
11.673469387755102
0.6785714285714286
1.010204081632653
172.05612244897958
10.63265306122449
4.112244897959184
3.566326530612245
31.974489795918366
1.096938775510204
1.2346938775510203
0.9795918367346939
3.38265306122449
2.6122448979591835
1.2959183673469388
0.5663265306122449
4.816326530612245
7.244897959183674
1.433673469387755
2.627551020408163
3.4081632653061225
8.464285714285714
0.6887755102040817
3.6122448979591835
0.5306122448979592
6.127551020408164
0.28061224489795916
1.3673469387755102
1.3826530612244898
7.86734693877551
1.183673469387755
0.3622448979591837
170.0765306122449
10.35204081632653
2.076530612244898
5.729591836734694
33.82142857142857
1.8571428571428572
1.1275510204081634
1.7142857142857142
6.142857142857143
2.8877551020408165
0.9591836734693877
1.6734693877551021
17.316326530612244
19.352040816326532
0.8571428571428571
13.056122448979592
12.954081632653061
33.88265306122449
1.1428571428571428
18.29591836734694
2.7244897959183674
33.67857142857143
1.7295918367346939
8.071428571428571
8.178571428571429
43.20918367346939
5.357142857142857
3.877551020408163
158.05612244897958
11.862244897959183
1.5408163265306123
8.86734693877551
37.12244897959184
2.1479591836734695
1.2040816326530612
3.6581632653061225
7.23469387755102
2.423469387755102
0.3520408163265306
2.122448979591837
19.239795918367346
20.26530612244898
0.29591836734693877
14.994897959183673
18.301020408163264
47.515306122448976
1.2755102040816326
24.010204081632654
9.25
57.92857142857143
2.2806122448979593
14.561224489795919
24.224489795918366
74.60204081632654
6.846938775510204
8.13265306122449
176.40816326530611
61.316326530612244
5.494897959183674
17.403061224489797
56.734693877551024
16.4234693877551
3.8316326530612246
5.214285714285714
7.178571428571429
1.9948979591836735
0.5306122448979592
1.153061224489796
10.214285714285714
11.64795918367347
0.20918367346938777
6.142857142857143
16.989795918367346
40.61734693877551
0.49489795918367346
12.693877551020408
15.387755102040817
73.25510204081633
0.9030612244897959
13.403061224489797
49.234693877551024
122.26530612244898
6.75
11.862244897959183