5.244897959183674
41.607142857142854
2.9591836734693877
1.3316326530612246
7.653061224489796
65.56122448979592
5.372448979591836
2.627551020408163
35.95918367346939
86.73979591836735
9.61734693877551
8.010204081632653
78.61734693877551
82.8265306122449
12.357142857142858
16.321428571428573
56.22959183673469
79.03061224489795
9.112244897959183
13.88265306122449
18.06122448979592
55.724489795918366
5.255102040816326
5.673469387755102
5.612244897959184
23.020408163265305
1.6989795918367347
2.229591836734694
8.494897959183673
79.22448979591837
6.607142857142857
2.336734693877551
3.1989795918367347
89.19897959183673
9.137755102040817
2.4642857142857144
13.678571428571429
85.87244897959184
9.596938775510203
5.88265306122449
48.73979591836735
51.19387755102041
9.561224489795919
12.423469387755102
46.65816326530612
57.40816326530612
11.091836734693878
9.48469387755102
15.051020408163266
66.3061224489796
7.923469387755102
4.903061224489796
8.260204081632653
40.545918367346935
4.88265306122449
2.88265306122449
6.739795918367347
64.18367346938776
4.418367346938775
1.8418367346938775
2.622448979591837
81.44897959183673
8.25
2.2806122448979593
11.96938775510204
90.01020408163265
11.209183673469388
3.38265306122449
50.26020408163265
56.826530612244895
11.668367346938776
9.540816326530612
49.51020408163265
55.8469387755102
11.693877551020408
10.071428571428571
16.260204081632654
78.98469387755102
12.73469387755102
3.1530612244897958
9.806122448979592
60.77040816326531
9.061224489795919
2.056122448979592
6.596938775510204
66.6938775510204
5.775510204081633
1.9234693877551021
2.2806122448979593
86.53061224489795
9.11734693877551
2.1020408163265305
6.63265306122449
89.12244897959184
9.75
2.8520408163265305
45.02040816326531
54.32142857142857
8.188775510204081
9.683673469387756
64.75
38.63775510204081
9.142857142857142
9.53061224489796
23.928571428571427
45.994897959183675
7.0
2.9846938775510203
5.25
30.53061224489796
4.3061224489795915
0.7397959183673469
13.025510204081632
48.576530612244895
13.107142857142858
1.0255102040816326
2.7806122448979593
72.88265306122449
11.989795918367347
1.4285714285714286
5.387755102040816
88.10204081632654
7.168367346938775
4.831632653061225
38.78061224489796
58.423469387755105
8.045918367346939
8.688775510204081
61.035714285714285
33.38265306122449
5.831632653061225
13.739795918367347
26.68877551020408
38.015306122448976
1.8877551020408163
11.693877551020408
5.489795918367347
31.571428571428573
0.6632653061224489
8.510204081632653
61.84183673469388
62.4030612244898
20.403061224489797
9.790816326530612
21.306122448979593
74.24489795918367
18.68877551020408
7.586734693877551
10.301020408163266
89.13775510204081
9.040816326530612
6.846938775510204
35.47959183673469
64.09183673469387
8.755102040816327
10.857142857142858
44.79081632653061
43.06122448979592
9.989795918367347
12.045918367346939
20.448979591836736
70.20408163265306
3.9948979591836733
22.178571428571427
20.142857142857142
92.77551020408163
1.9183673469387754
33.204081632653065
65.4234693877551
73.16326530612245
4.744897959183674
35.433673469387756
31.81122448979592
121.98469387755102
5.780612244897959
45.025510204081634
17.056122448979593
167.7295918367347
16.178571428571427
25.433673469387756
45.525510204081634
130.9387755102041
35.69897959183673
7.438775510204081
62.505102040816325
62.076530612244895
26.948979591836736
3.0816326530612246
23.933673469387756
42.19387755102041
5.678571428571429
9.979591836734693
32.454081632653065
84.02551020408163
2.1785714285714284
27.382653061224488