65.80102040816327
140.1377551020408
5.051020408163265
6.36734693877551
24.209183673469386
143.58163265306123
4.698979591836735
6.76530612244898
16.622448979591837
152.40816326530611
3.11734693877551
8.056122448979592
14.811224489795919
142.67857142857142
1.4183673469387754
9.693877551020408
16.23469387755102
119.81632653061224
1.5255102040816326
11.545918367346939
19.571428571428573
80.6938775510204
1.5765306122448979
9.260204081632653
23.020408163265305
41.974489795918366
1.2653061224489797
5.51530612244898
8.454081632653061
35.433673469387756
1.1020408163265305
1.9183673469387754
2.806122448979592
34.316326530612244
1.3979591836734695
2.204081632653061
2.673469387755102
38.70918367346939
0.8928571428571429
3.7244897959183674
3.7448979591836733
43.93877551020408
0.6224489795918368
5.673469387755102
5.76530612244898
46.02040816326531
0.9948979591836735
7.994897959183674
8.540816326530612
38.954081632653065
1.1122448979591837
7.066326530612245
11.75
29.622448979591837
1.7448979591836735
4.433673469387755
0.3673469387755102
2.4846938775510203
0.11734693877551021
0.05102040816326531
0.12755102040816327
2.6377551020408165
0.22959183673469388
0.1683673469387755
0.17857142857142858
4.311224489795919
0.3469387755102041
0.5102040816326531
0.7704081632653061
7.096938775510204
0.4387755102040816
1.3265306122448979
1.5408163265306123
9.76530612244898
0.5
1.9489795918367347
2.0255102040816326
10.489795918367347
0.45918367346938777
1.6683673469387754
3.3469387755102042
9.321428571428571
0.75
1.0408163265306123
3.4030612244897958
12.76530612244898
0.5408163265306123
1.1989795918367347
1.1275510204081634
4.913265306122449
0.33163265306122447
1.1683673469387754
0.5051020408163265
1.469387755102041
0.1683673469387755
0.3877551020408163
0.1836734693877551
0.7653061224489796
0.12755102040816327
0.07653061224489796
0.08163265306122448
0.7908163265306123
0.09183673469387756
0.11734693877551021
0.08673469387755102
1.2857142857142858
0.1326530612244898
0.14795918367346939
0.413265306122449
2.0816326530612246
0.4387755102040816
0.05612244897959184
21.918367346938776
57.59183673469388
1.1581632653061225
11.056122448979592
7.88265306122449
25.403061224489797
0.20408163265306123
9.785714285714286
3.4693877551020407
12.928571428571429
0.03571428571428571
4.3520408163265305
1.066326530612245
5.158163265306122
0.05102040816326531
1.3775510204081634
0.39285714285714285
2.9591836734693877
0.2755102040816326
0.34183673469387754
0.6989795918367347
4.8061224489795915
1.030612244897959
0.07653061224489796
4.392857142857143
13.58673469387755
2.4642857142857144
0.5255102040816326
36.923469387755105
61.19897959183673
0.6071428571428571
16.566326530612244
20.0
46.82142857142857
0.17857142857142858
18.20408163265306
12.25
44.714285714285715
0.14795918367346939
12.33673469387755
7.387755102040816
41.994897959183675
0.47959183673469385
5.321428571428571
5.127551020408164
40.795918367346935
1.6020408163265305
1.8826530612244898
6.071428571428571
39.87755102040816
3.9285714285714284
0.8673469387755102
29.091836734693878
58.795918367346935
7.030612244897959
2.3469387755102042
33.3469387755102
41.86734693877551
0.45918367346938777
9.316326530612244
30.510204081632654
73.98469387755102
0.1683673469387755
15.86734693877551
24.5
114.16326530612245
0.5561224489795918
15.576530612244898
14.795918367346939
141.53571428571428
1.653061224489796
10.341836734693878
9.989795918367347
150.74489795918367
4.239795918367347
5.668367346938775
12.28061224489796
143.90816326530611
7.668367346938775
3.4183673469387754
88.3061224489796
166.71428571428572
17.18877551020408
4.219387755102041