24.775510204081634
79.8061224489796
6.51530612244898
2.239795918367347
8.096938775510203
72.90306122448979
5.505102040816326
0.32142857142857145
13.846938775510203
90.64795918367346
7.26530612244898
0.39285714285714285
20.556122448979593
112.05102040816327
9.739795918367347
1.1734693877551021
25.586734693877553
118.73469387755102
9.887755102040817
3.188775510204082
30.75
104.74489795918367
8.841836734693878
4.112244897959184
110.19897959183673
118.3061224489796
14.362244897959183
7.959183673469388
26.571428571428573
97.16326530612245
11.168367346938776
4.158163265306122
6.260204081632653
71.5
11.688775510204081
0.07142857142857142
9.025510204081632
68.60714285714286
12.142857142857142
0.16326530612244897
15.459183673469388
61.39795918367347
13.887755102040817
0.9183673469387755
29.209183673469386
46.357142857142854
20.163265306122447
3.8316326530612246
25.617346938775512
30.95408163265306
20.372448979591837
2.5051020408163267
42.58673469387755
38.16326530612245
21.377551020408163
0.9642857142857143
12.13265306122449
68.14285714285714
9.255102040816327
3.2857142857142856
1.6683673469387754
36.535714285714285
8.88265306122449
0.015306122448979591
6.035714285714286
24.994897959183675
8.908163265306122
0.061224489795918366
27.974489795918366
23.198979591836736
23.535714285714285
0.3010204081632653
39.3469387755102
28.948979591836736
36.96938775510204
0.7142857142857143
21.28061224489796
27.178571428571427
24.459183673469386
0.47959183673469385
11.795918367346939
16.352040816326532
9.739795918367347
0.02040816326530612
1.3877551020408163
12.035714285714286
2.336734693877551
0.576530612244898
1.4081632653061225
4.505102040816326
2.188775510204082
0.01020408163265306
21.04591836734694
5.3520408163265305
9.36734693877551
0.16326530612244897
57.16836734693877
13.285714285714286
30.602040816326532
0.23979591836734693
40.535714285714285
17.775510204081634
27.821428571428573
0.11224489795918367
8.89795918367347
9.908163265306122
8.224489795918368
0.07142857142857142
1.4387755102040816
2.7653061224489797
1.3265306122448979
0.0
0.4642857142857143
1.239795918367347
0.45408163265306123
0.0663265306122449
4.612244897959184
1.2551020408163265
1.066326530612245
0.2602040816326531
42.3469387755102
3.7755102040816326
7.540816326530612
2.7755102040816326
81.82142857142857
8.494897959183673
16.928571428571427
5.612244897959184
36.22959183673469
6.770408163265306
9.01530612244898
2.1785714285714284
2.7857142857142856
1.6224489795918366
1.1377551020408163
0.09693877551020408
0.2653061224489796
0.826530612244898
0.1326530612244898
0.0
0.336734693877551
0.20918367346938777
0.05612244897959184
0.01020408163265306
4.9438775510204085
0.8112244897959183
0.2653061224489796
0.6938775510204082
34.974489795918366
4.173469387755102
1.683673469387755
8.698979591836734
68.8265306122449
15.459183673469388
3.1683673469387754
25.158163265306122
31.066326530612244
22.525510204081634
1.3979591836734695
19.244897959183675
3.2448979591836733
14.637755102040817
0.32653061224489793
5.11734693877551
2.122448979591837
9.60204081632653
0.6581632653061225
1.096938775510204
0.07142857142857142
0.025510204081632654
0.0
0.00510204081632653
1.9387755102040816
0.6785714285714286
0.030612244897959183
0.576530612244898
13.78061224489796
6.709183673469388
0.08673469387755102
7.392857142857143
34.86734693877551
37.484693877551024
0.2755102040816326
33.576530612244895
27.6734693877551
97.70408163265306
0.6785714285714286
47.423469387755105
14.362244897959183
133.1530612244898
1.8877551020408163
29.474489795918366
43.173469387755105
161.60714285714286
6.709183673469388
17.653061224489797