8.770408163265307
3.683673469387755
3.173469387755102
0.05612244897959184
51.142857142857146
25.224489795918366
17.285714285714285
0.9387755102040817
91.52551020408163
65.14285714285714
19.341836734693878
13.918367346938776
68.48469387755102
40.142857142857146
3.260204081632653
22.653061224489797
16.43877551020408
4.3061224489795915
0.11734693877551021
5.841836734693878
0.32142857142857145
0.0663265306122449
0.0
0.08163265306122448
0.0
0.0
0.0
0.0
21.285714285714285
10.438775510204081
12.459183673469388
0.10204081632653061
53.71938775510204
17.23469387755102
31.775510204081634
0.39285714285714285
47.55102040816327
31.392857142857142
21.193877551020407
10.770408163265307
58.68877551020408
23.474489795918366
2.5816326530612246
34.61224489795919
35.974489795918366
5.760204081632653
0.34183673469387754
19.372448979591837
3.0918367346938775
0.35714285714285715
0.00510204081632653
1.3520408163265305
0.0
0.0
0.0
0.0
45.81122448979592
26.025510204081634
29.602040816326532
0.4897959183673469
52.36224489795919
11.760204081632653
36.505102040816325
0.025510204081632654
26.193877551020407
7.535714285714286
12.71938775510204
3.989795918367347
45.58673469387755
10.428571428571429
1.0408163265306123
32.525510204081634
57.70918367346939
8.698979591836734
0.5255102040816326
42.525510204081634
14.275510204081632
2.479591836734694
0.07142857142857142
9.520408163265307
0.28061224489795916
0.0663265306122449
0.0
0.19387755102040816
66.01020408163265
41.464285714285715
34.214285714285715
0.9438775510204082
34.83163265306123
5.959183673469388
22.239795918367346
0.0
7.622448979591836
0.7091836734693877
3.5051020408163267
0.3877551020408163
16.571428571428573
2.7142857142857144
0.1836734693877551
13.275510204081632
56.16326530612245
8.943877551020408
0.7653061224489796
48.63775510204081
38.13775510204081
7.801020408163265
0.34183673469387754
31.096938775510203
4.98469387755102
1.836734693877551
0.02040816326530612
3.25
66.63775510204081
37.80102040816327
19.71938775510204
0.8928571428571429
18.392857142857142
2.8469387755102042
8.61734693877551
0.0
1.6428571428571428
0.0663265306122449
0.5561224489795918
0.02040816326530612
2.6989795918367347
0.5255102040816326
0.02040816326530612
2.142857142857143
33.47959183673469
5.489795918367347
0.33163265306122447
26.95408163265306
55.87755102040816
13.801020408163266
0.47959183673469385
46.923469387755105
25.31122448979592
11.744897959183673
0.05102040816326531
17.056122448979593
46.31122448979592
23.882653061224488
7.260204081632653
0.9642857142857143
8.321428571428571
1.4081632653061225
2.3010204081632653
0.0
0.18877551020408162
0.0
0.0663265306122449
0.0
0.11734693877551021
0.0
0.0
0.03571428571428571
10.61734693877551
1.6887755102040816
0.05102040816326531
7.255102040816326
48.8469387755102
12.051020408163266
0.11734693877551021
35.13775510204081
66.14285714285714
32.47959183673469
0.10204081632653061
40.755102040816325
24.551020408163264
18.096938775510203
2.0357142857142856
0.45918367346938777
3.5255102040816326
0.9591836734693877
0.6377551020408163
0.0
0.0
0.0
0.0
0.0
0.0
0.0
0.0
0.0
1.4234693877551021
0.17857142857142858
0.0
0.7142857142857143
29.54591836734694
9.846938775510203
0.02040816326530612
15.658163265306122
166.0612244897959
94.7704081632653
2.4591836734693877
65.35204081632654