4.311224489795919
5.127551020408164
2.6377551020408165
0.0663265306122449
13.831632653061224
23.178571428571427
14.26530612244898
0.14285714285714285
31.591836734693878
66.26020408163265
29.785714285714285
1.3010204081632653
49.775510204081634
107.31122448979592
27.443877551020407
5.214285714285714
50.923469387755105
122.42857142857143
11.622448979591837
21.535714285714285
42.62755102040816
70.48979591836735
0.8316326530612245
40.11224489795919
23.163265306122447
23.551020408163264
0.08163265306122448
18.76530612244898
21.755102040816325
18.010204081632654
17.5765306122449
0.025510204081632654
24.617346938775512
35.23979591836735
41.724489795918366
0.11224489795918367
31.020408163265305
39.714285714285715
36.5969387755102
2.2091836734693877
73.13265306122449
24.9234693877551
19.178571428571427
5.6020408163265305
46.41836734693877
22.20408163265306
9.596938775510203
9.188775510204081
31.75
25.147959183673468
0.8877551020408163
37.94897959183673
69.0204081632653
34.607142857142854
0.19387755102040816
41.79081632653061
73.54081632653062
33.423469387755105
35.57142857142857
0.33163265306122447
32.33163265306123
25.556122448979593
36.54081632653061
0.16326530612244897
38.933673469387756
12.964285714285714
18.913265306122447
1.0153061224489797
93.58673469387755
6.285714285714286
21.959183673469386
1.719387755102041
39.85204081632653
2.520408163265306
8.96938775510204
1.3010204081632653
23.020408163265305
5.964285714285714
0.4744897959183674
12.26530612244898
133.51530612244898
25.193877551020407
0.7806122448979592
36.12244897959184
131.44387755102042
35.316326530612244
26.96938775510204
4.964285714285714
29.566326530612244
12.122448979591837
12.892857142857142
1.2857142857142858
50.15816326530612
8.357142857142858
20.964285714285715
0.35714285714285715
82.40306122448979
5.260204081632653
27.770408163265305
0.4336734693877551
20.739795918367346
0.8367346938775511
5.775510204081633
0.1683673469387755
15.795918367346939
2.086734693877551
0.9030612244897959
1.6938775510204083
170.46428571428572
11.25
6.98469387755102
13.066326530612244
131.08673469387756
41.025510204081634
8.948979591836734
21.76530612244898
26.556122448979593
29.413265306122447
13.801020408163266
7.096938775510204
51.63265306122449
19.362244897959183
36.10204081632653
0.34183673469387754
52.035714285714285
5.173469387755102
23.081632653061224
0.09693877551020408
7.719387755102041
0.3163265306122449
2.3877551020408165
0.00510204081632653
19.668367346938776
3.6377551020408165
5.8061224489795915
0.22448979591836735
155.49489795918367
17.556122448979593
23.913265306122447
2.433673469387755
74.66836734693878
47.31122448979592
2.5306122448979593
26.714285714285715
21.647959183673468
52.80102040816327
16.98469387755102
11.056122448979592
33.23979591836735
25.5765306122449
29.586734693877553
0.6173469387755102
23.801020408163264
3.627551020408163
11.36734693877551
0.04081632653061224
5.311224489795919
0.9489795918367347
4.096938775510204
0.0
32.45918367346939
7.0
21.448979591836736
0.08163265306122448
109.53571428571429
27.887755102040817
35.494897959183675
0.47959183673469385
31.887755102040817
37.84183673469388
1.2755102040816326
14.821428571428571
16.520408163265305
50.755102040816325
9.505102040816327
8.433673469387756
19.897959183673468
26.04591836734694
13.61734693877551
1.0
12.658163265306122
6.362244897959184
5.433673469387755
0.14795918367346939
26.974489795918366
16.948979591836736
19.821428571428573
0.8775510204081632
64.85204081632654
33.64795918367347
47.9030612244898
1.3826530612244898
81.90306122448979
39.204081632653065
32.91326530612245
0.7653061224489796