82.20918367346938
74.37244897959184
4.316326530612245
5.8061224489795915
32.066326530612244
19.377551020408163
1.816326530612245
2.443877551020408
6.862244897959184
2.9642857142857144
0.3010204081632653
0.29081632653061223
12.811224489795919
8.25
0.45408163265306123
2.0051020408163267
50.326530612244895
43.91326530612245
1.1122448979591837
11.423469387755102
62.974489795918366
78.12755102040816
0.9438775510204082
17.81122448979592
85.65306122448979
73.0
0.35714285714285715
18.724489795918366
120.89285714285714
40.41326530612245
4.872448979591836
5.780612244897959
46.46938775510204
9.877551020408163
2.1581632653061225
2.5153061224489797
6.6479591836734695
2.0306122448979593
0.4897959183673469
0.33163265306122447
1.9489795918367347
0.9336734693877551
0.061224489795918366
0.4642857142857143
18.448979591836736
7.795918367346939
0.02040816326530612
3.3469387755102042
49.12755102040816
20.857142857142858
0.21428571428571427
7.627551020408164
109.41836734693878
30.301020408163264
0.5255102040816326
15.775510204081632
121.7295918367347
35.68877551020408
3.9744897959183674
6.392857142857143
47.55612244897959
13.183673469387756
2.311224489795918
3.489795918367347
7.301020408163265
2.6989795918367347
0.7959183673469388
0.5816326530612245
0.8061224489795918
0.1989795918367347
0.05102040816326531
0.14795918367346939
10.683673469387756
2.3979591836734695
0.09183673469387756
0.5510204081632653
48.5
10.326530612244898
0.5816326530612245
2.5408163265306123
135.37755102040816
14.071428571428571
3.25
9.38265306122449
70.58163265306122
51.63775510204081
2.7142857142857144
8.423469387755102
28.290816326530614
20.73469387755102
2.489795918367347
3.9846938775510203
4.464285714285714
3.2857142857142856
0.6122448979591837
0.6071428571428571
0.7346938775510204
0.3877551020408163
0.20918367346938777
0.08673469387755102
9.857142857142858
3.377551020408163
1.1683673469387754
0.09693877551020408
47.94897959183673
13.08673469387755
3.5051020408163267
0.7551020408163265
133.5204081632653
15.255102040816327
10.66326530612245
3.520408163265306
16.413265306122447
27.255102040816325
1.0408163265306123
3.9642857142857144
6.8979591836734695
11.479591836734693
1.336734693877551
1.8571428571428572
1.6326530612244898
2.5816326530612246
0.8775510204081632
0.2857142857142857
1.913265306122449
2.816326530612245
2.2857142857142856
0.00510204081632653
17.301020408163264
13.459183673469388
7.301020408163265
0.02040816326530612
44.59183673469388
28.005102040816325
11.494897959183673
0.22448979591836735
101.52551020408163
31.535714285714285
18.20408163265306
0.9693877551020408
1.0714285714285714
4.836734693877551
0.20408163265306123
0.29591836734693877
0.7857142857142857
4.525510204081633
0.9795918367346939
0.20918367346938777
1.8265306122448979
6.3979591836734695
3.913265306122449
0.015306122448979591
7.719387755102041
15.739795918367347
11.795918367346939
0.0
27.908163265306122
33.29081632653061
21.4234693877551
0.0
32.005102040816325
39.86224489795919
18.275510204081634
0.0
55.33163265306123
42.82142857142857
15.03061224489796
0.05102040816326531
5.3520408163265305
15.811224489795919
1.4948979591836735
0.2193877551020408
7.760204081632653
29.56122448979592
6.505102040816326
0.3979591836734694
16.443877551020407
61.515306122448976
20.852040816326532
0.8724489795918368
27.698979591836736
85.0561224489796
41.19897959183673
0.6071428571428571
34.576530612244895
73.5204081632653
38.92857142857143
0.22959183673469388
21.622448979591837
47.423469387755105
17.974489795918366
0.1326530612244898
19.617346938775512
25.81122448979592
6.86734693877551
0.0