51.83163265306123
15.01530612244898
1.280612244897959
9.127551020408163
75.10204081632654
15.142857142857142
2.693877551020408
11.846938775510203
37.41326530612245
9.13265306122449
4.448979591836735
3.954081632653061
86.53571428571429
17.372448979591837
17.556122448979593
5.61734693877551
87.83163265306122
37.36224489795919
17.556122448979593
9.801020408163266
13.698979591836734
26.770408163265305
3.1785714285714284
8.61734693877551
3.0306122448979593
5.816326530612245
0.1989795918367347
4.668367346938775
44.18877551020408
7.535714285714286
1.6428571428571428
9.846938775510203
77.14795918367346
15.142857142857142
7.204081632653061
15.178571428571429
37.33163265306123
35.88775510204081
22.275510204081634
6.566326530612245
48.69387755102041
42.16326530612245
38.9030612244898
5.5561224489795915
35.77040816326531
70.49489795918367
23.413265306122447
13.71938775510204
14.505102040816327
62.19897959183673
4.423469387755102
35.25
22.362244897959183
20.26530612244898
1.153061224489796
32.34183673469388
34.75
9.341836734693878
15.525510204081632
5.729591836734694
62.545918367346935
24.872448979591837
26.397959183673468
12.438775510204081
48.36734693877551
42.44897959183673
36.42857142857143
9.39795918367347
64.84693877551021
29.331632653061224
39.78061224489796
4.622448979591836
25.362244897959183
27.020408163265305
16.443877551020407
5.418367346938775
26.806122448979593
27.367346938775512
2.6785714285714284
28.056122448979593
90.69897959183673
15.938775510204081
2.4285714285714284
47.66836734693877
56.8469387755102
21.841836734693878
48.05612244897959
1.836734693877551
56.13265306122449
24.571428571428573
31.632653061224488
12.448979591836734
73.30102040816327
19.168367346938776
25.872448979591837
14.535714285714286
70.15306122448979
7.979591836734694
32.31122448979592
2.7908163265306123
17.392857142857142
14.071428571428571
11.688775510204081
1.6326530612244898
26.627551020408163
21.755102040816325
6.331632653061225
9.142857142857142
147.59183673469389
9.61734693877551
8.841836734693878
21.632653061224488
123.6734693877551
23.31122448979592
44.464285714285715
3.979591836734694
56.55102040816327
14.974489795918368
20.091836734693878
11.21938775510204
75.8061224489796
13.959183673469388
23.535714285714285
13.198979591836734
62.734693877551024
7.6938775510204085
22.801020408163264
6.321428571428571
38.20918367346939
31.6734693877551
26.341836734693878
4.36734693877551
29.862244897959183
57.64795918367347
17.831632653061224
15.61734693877551
122.31122448979592
29.647959183673468
19.959183673469386
22.887755102040817
151.9591836734694
27.867346938775512
19.43877551020408
18.806122448979593
52.515306122448976
17.71938775510204
28.520408163265305
6.020408163265306
63.83673469387755
16.790816326530614
26.724489795918366
8.433673469387756
66.58163265306122
10.505102040816327
11.188775510204081
12.60204081632653
82.15816326530613
19.525510204081634
19.53061224489796
13.63265306122449
53.81122448979592
37.035714285714285
26.392857142857142
14.760204081632653
96.7295918367347
40.04081632653061
21.3265306122449
32.75
119.52551020408163
95.31632653061224
14.239795918367347
46.88775510204081
51.035714285714285
74.07142857142857
44.954081632653065
8.510204081632653
47.642857142857146
26.28061224489796
23.841836734693878
5.5
54.11734693877551
14.673469387755102
2.8877551020408165
15.658163265306122
75.5204081632653
49.545918367346935
10.39795918367347
31.75
56.5
72.6938775510204
37.474489795918366
15.872448979591837
100.10204081632654
58.05102040816327
26.127551020408163
25.270408163265305