2.311224489795918
17.76530612244898
1.9183673469387754
0.3520408163265306
19.397959183673468
28.102040816326532
5.183673469387755
1.9387755102040816
94.66326530612245
41.265306122448976
11.948979591836734
13.63265306122449
69.29591836734694
41.87244897959184
14.862244897959183
11.622448979591837
13.755102040816327
27.183673469387756
9.056122448979592
2.8010204081632653
28.596938775510203
18.908163265306122
2.795918367346939
15.454081632653061
42.91326530612245
37.98979591836735
1.1785714285714286
33.41836734693877
9.270408163265307
88.07142857142857
12.071428571428571
2.3622448979591835
10.46938775510204
86.09693877551021
15.096938775510203
2.989795918367347
54.77040816326531
53.16326530612245
18.443877551020407
9.908163265306122
46.33673469387755
48.214285714285715
22.244897959183675
8.591836734693878
11.076530612244898
34.5
11.729591836734693
2.204081632653061
11.53061224489796
13.178571428571429
1.8877551020408163
8.35204081632653
35.30102040816327
38.933673469387756
1.903061224489796
32.91326530612245
8.295918367346939
81.55102040816327
11.596938775510203
2.6479591836734695
12.051020408163266
59.224489795918366
10.209183673469388
2.566326530612245
78.13775510204081
33.724489795918366
10.494897959183673
9.46938775510204
65.04081632653062
30.06122448979592
12.46938775510204
6.76530612244898
5.698979591836735
40.607142857142854
7.3979591836734695
3.479591836734694
5.4438775510204085
28.81122448979592
2.0816326530612246
9.642857142857142
24.6734693877551
36.20918367346939
2.0408163265306123
29.627551020408163
2.066326530612245
17.209183673469386
5.974489795918367
0.45408163265306123
12.091836734693878
27.76530612244898
15.76530612244898
0.6836734693877551
64.21938775510205
33.30102040816327
23.974489795918366
6.331632653061225
49.70918367346939
63.005102040816325
25.397959183673468
8.816326530612244
6.816326530612245
94.98469387755102
14.821428571428571
13.918367346938776
11.474489795918368
63.36224489795919
3.4285714285714284
31.020408163265305
33.83163265306123
39.642857142857146
2.204081632653061
35.18877551020408
24.556122448979593
31.21938775510204
28.994897959183675
0.6683673469387755
19.637755102040817
51.933673469387756
42.59183673469388
1.2244897959183674
59.642857142857146
40.62755102040816
29.285714285714285
5.892857142857143
58.19897959183673
29.53061224489796
18.494897959183675
4.081632653061225
11.122448979591837
34.57142857142857
6.464285714285714
8.443877551020408
37.21938775510204
26.035714285714285
3.4285714285714284
25.663265306122447
86.8265306122449
24.852040816326532
8.020408163265307
28.627551020408163
79.23469387755102
40.494897959183675
28.43877551020408
12.25
42.16836734693877
34.607142857142854
24.637755102040817
8.770408163265307
87.12755102040816
17.464285714285715
16.43877551020408
4.153061224489796
70.07142857142857
3.260204081632653
7.454081632653061
1.7244897959183674
13.025510204081632
2.933673469387755
3.6530612244897958
1.3061224489795917
47.80102040816327
6.168367346938775
17.724489795918366
4.469387755102041
100.06122448979592
15.73469387755102
26.775510204081634
6.1938775510204085
70.67857142857143
74.56122448979592
5.714285714285714
38.433673469387756
38.83673469387755
115.39795918367346
14.698979591836734
33.423469387755105
71.8265306122449
81.2295918367347
30.964285714285715
9.918367346938776
55.857142857142854
18.331632653061224
15.16326530612245
2.38265306122449
29.3265306122449
33.607142857142854
19.464285714285715
6.071428571428571
49.94897959183673
51.62755102040816
55.06122448979592
4.168367346938775
51.826530612244895
33.80612244897959
42.45918367346939
0.4897959183673469