40.52040816326531
119.64795918367346
9.341836734693878
4.653061224489796
27.214285714285715
92.22448979591837
15.153061224489797
3.877551020408163
69.68877551020408
61.42857142857143
22.153061224489797
6.260204081632653
58.53061224489796
18.025510204081634
12.479591836734693
3.2193877551020407
40.44387755102041
9.270408163265307
2.892857142857143
3.770408163265306
59.076530612244895
23.28061224489796
3.4591836734693877
11.928571428571429
25.668367346938776
15.933673469387756
1.030612244897959
9.928571428571429
25.525510204081634
87.34693877551021
13.908163265306122
4.688775510204081
39.11734693877551
48.4030612244898
20.459183673469386
3.9081632653061225
69.15306122448979
16.362244897959183
25.443877551020407
3.8979591836734695
28.70408163265306
1.3673469387755102
10.775510204081632
0.5816326530612245
40.56122448979592
3.173469387755102
4.545918367346939
2.7908163265306123
68.40816326530613
17.132653061224488
6.86734693877551
16.397959183673468
37.58673469387755
30.642857142857142
2.607142857142857
28.071428571428573
19.056122448979593
37.04081632653061
9.433673469387756
1.5510204081632653
62.36734693877551
16.918367346938776
21.178571428571427
1.0765306122448979
73.32142857142857
5.214285714285714
24.459183673469386
0.8928571428571429
17.112244897959183
0.5102040816326531
6.168367346938775
0.08673469387755102
52.80102040816327
2.392857142857143
11.46938775510204
1.316326530612245
80.89285714285714
14.959183673469388
16.627551020408163
15.316326530612244
47.642857142857146
44.255102040816325
4.413265306122449
43.964285714285715
28.591836734693878
10.474489795918368
5.096938775510204
0.21428571428571427
82.92857142857143
7.209183673469388
18.51530612244898
0.23469387755102042
61.71938775510204
2.2551020408163267
14.591836734693878
0.15816326530612246
14.229591836734693
0.923469387755102
6.0
0.0
66.60714285714286
2.923469387755102
25.168367346938776
0.3826530612244898
73.96428571428571
8.122448979591837
21.892857142857142
7.285714285714286
39.79081632653061
33.82142857142857
3.489795918367347
34.48979591836735
44.41836734693877
6.540816326530612
4.561224489795919
0.7142857142857143
94.47448979591837
4.76530612244898
11.107142857142858
1.9183673469387754
52.37244897959184
1.346938775510204
7.729591836734694
1.0816326530612246
22.892857142857142
1.8418367346938775
17.285714285714285
0.01020408163265306
71.4795918367347
3.061224489795918
40.32142857142857
0.12755102040816327
43.37244897959184
2.4948979591836733
18.403061224489797
1.9642857142857142
19.770408163265305
16.709183673469386
1.8571428571428572
12.683673469387756
47.91326530612245
5.479591836734694
1.8214285714285714
3.1122448979591835
89.69897959183673
6.413265306122449
3.943877551020408
11.168367346938776
52.29081632653061
6.26530612244898
11.178571428571429
8.153061224489797
36.204081632653065
5.913265306122449
39.72959183673469
0.6020408163265306
53.61224489795919
3.1020408163265305
44.683673469387756
0.030612244897959183
15.433673469387756
0.6581632653061225
8.979591836734693
0.5102040816326531
6.448979591836735
4.469387755102041
0.8520408163265306
1.6887755102040816
35.66326530612245
15.403061224489797
0.37244897959183676
7.918367346938775
68.5204081632653
47.07142857142857
4.591836734693878
31.979591836734695
55.4030612244898
96.53061224489795
28.739795918367346
33.91836734693877
46.295918367346935
63.83163265306123
62.545918367346935
4.459183673469388
31.770408163265305
7.98469387755102
32.107142857142854
0.00510204081632653
3.0969387755102042
0.4387755102040816
2.1122448979591835
0.05612244897959184
0.9693877551020408
1.3775510204081634
0.1836734693877551
0.16326530612244897