21.627551020408163
44.82142857142857
4.658163265306122
0.3622448979591837
23.443877551020407
57.795918367346935
8.035714285714286
0.25510204081632654
32.88265306122449
90.53061224489795
10.98469387755102
0.5408163265306123
31.622448979591837
116.28061224489795
8.698979591836734
2.2653061224489797
29.9234693877551
120.1938775510204
3.5
7.229591836734694
37.04081632653061
95.12755102040816
0.5510204081632653
12.709183673469388
53.38265306122449
63.81122448979592
0.01020408163265306
13.76530612244898
39.724489795918366
74.89795918367346
15.403061224489797
1.933673469387755
18.698979591836736
56.1530612244898
15.591836734693878
0.18877551020408162
16.285714285714285
54.65816326530612
12.13265306122449
0.20918367346938777
10.25
54.55102040816327
6.025510204081633
0.8163265306122449
8.739795918367347
54.64795918367347
1.836734693877551
4.755102040816326
22.102040816326532
49.11224489795919
0.4489795918367347
14.816326530612244
90.68367346938776
48.045918367346935
0.7448979591836735
25.974489795918366
35.95918367346939
75.0561224489796
17.857142857142858
4.025510204081633
9.790816326530612
35.59183673469388
13.33673469387755
0.09693877551020408
6.637755102040816
21.760204081632654
6.908163265306122
0.02040816326530612
3.0969387755102042
12.21938775510204
2.010204081632653
0.02040816326530612
2.2653061224489797
9.658163265306122
0.5357142857142857
0.9387755102040817
22.209183673469386
17.43877551020408
1.8979591836734695
6.341836734693878
142.1173469387755
25.413265306122447
6.729591836734694
17.209183673469386
13.224489795918368
30.836734693877553
6.316326530612245
2.4693877551020407
2.1479591836734695
8.61734693877551
4.418367346938775
0.030612244897959183
0.8571428571428571
2.5
1.3979591836734695
0.0
0.20408163265306123
0.5561224489795918
0.39285714285714285
0.0
1.933673469387755
1.4489795918367347
2.8622448979591835
0.0
25.229591836734695
11.785714285714286
10.918367346938776
0.3010204081632653
132.23979591836735
26.23469387755102
23.5
2.1377551020408165
2.260204081632653
4.663265306122449
0.7448979591836735
0.32142857142857145
0.3112244897959184
0.9540816326530612
0.6479591836734694
0.015306122448979591
0.11734693877551021
0.37755102040816324
0.37244897959183676
0.0
1.3316326530612246
1.8061224489795917
2.811224489795918
0.0
8.954081632653061
7.8520408163265305
15.826530612244898
0.0
30.1734693877551
23.683673469387756
29.46938775510204
0.0
75.16326530612245
41.56122448979592
30.244897959183675
0.02040816326530612
0.4387755102040816
0.6887755102040817
0.08673469387755102
0.0
0.24489795918367346
0.9489795918367347
0.3979591836734694
0.0
1.6071428571428572
2.8520408163265305
2.5
0.01020408163265306
8.698979591836734
8.959183673469388
13.979591836734693
0.05612244897959184
22.556122448979593
19.112244897959183
35.81122448979592
0.02040816326530612
27.68877551020408
26.78061224489796
34.724489795918366
0.0
29.352040816326532
28.5765306122449
16.816326530612244
0.0
1.280612244897959
1.7755102040816326
0.32142857142857145
0.12244897959183673
4.755102040816326
4.224489795918367
1.6479591836734695
0.4744897959183674
23.81122448979592
23.76530612244898
10.25
1.5918367346938775
48.234693877551024
56.05612244897959
34.78061224489796
1.7653061224489797
47.60204081632653
51.576530612244895
43.81122448979592
0.5204081632653061
25.698979591836736
24.678571428571427
21.3265306122449
0.05102040816326531
7.6479591836734695
8.091836734693878
4.198979591836735
0.0