3.1020408163265305
2.933673469387755
0.18877551020408162
0.5
41.90816326530612
13.612244897959183
2.0714285714285716
6.795918367346939
122.71938775510205
25.948979591836736
4.505102040816326
16.93877551020408
72.33163265306122
10.137755102040817
3.8214285714285716
7.964285714285714
16.290816326530614
8.862244897959183
15.693877551020408
1.7142857142857142
33.55612244897959
20.556122448979593
19.4234693877551
5.311224489795919
24.637755102040817
13.704081632653061
5.505102040816326
3.0510204081632653
7.020408163265306
29.816326530612244
7.270408163265306
1.6887755102040816
28.056122448979593
30.443877551020407
10.168367346938776
3.423469387755102
87.1938775510204
16.26530612244898
8.928571428571429
6.959183673469388
64.8061224489796
6.714285714285714
17.852040816326532
4.168367346938775
36.505102040816325
19.51530612244898
44.30612244897959
3.357142857142857
68.69897959183673
20.54591836734694
30.107142857142858
8.209183673469388
41.933673469387756
8.025510204081632
8.16326530612245
2.7551020408163267
29.70408163265306
78.51530612244898
25.285714285714285
6.301020408163265
38.076530612244895
48.12755102040816
21.602040816326532
6.459183673469388
74.70408163265306
20.76530612244898
17.739795918367346
7.790816326530612
62.765306122448976
17.010204081632654
42.66836734693877
5.403061224489796
53.795918367346935
18.642857142857142
49.27040816326531
3.076530612244898
104.04591836734694
8.770408163265307
19.892857142857142
5.1479591836734695
47.234693877551024
2.683673469387755
5.811224489795919
1.4846938775510203
48.474489795918366
50.58163265306123
23.0765306122449
5.938775510204081
58.474489795918366
24.642857142857142
24.841836734693878
5.561224489795919
62.27040816326531
19.377551020408163
27.346938775510203
6.48469387755102
53.035714285714285
13.846938775510203
39.816326530612244
3.4744897959183674
48.224489795918366
5.4438775510204085
18.948979591836736
2.3520408163265305
112.58163265306122
1.719387755102041
7.923469387755102
5.959183673469388
44.65816326530612
1.653061224489796
3.2908163265306123
2.36734693877551
56.16836734693877
17.413265306122447
21.229591836734695
2.8214285714285716
50.755102040816325
23.617346938775512
29.831632653061224
4.5
59.91836734693877
21.642857142857142
26.4234693877551
5.770408163265306
54.66836734693877
4.479591836734694
12.964285714285714
2.7857142857142856
36.65816326530612
0.6020408163265306
2.9693877551020407
3.566326530612245
102.69897959183673
2.3520408163265305
3.163265306122449
16.622448979591837
46.015306122448976
7.005102040816326
4.403061224489796
10.954081632653061
64.0204081632653
26.882653061224488
32.14795918367347
2.877551020408163
42.69897959183673
21.23469387755102
28.586734693877553
3.2142857142857144
81.20918367346938
12.48469387755102
12.698979591836734
5.698979591836735
64.33163265306122
1.6020408163265305
2.7193877551020407
3.2244897959183674
21.918367346938776
0.42857142857142855
0.2653061224489796
3.8877551020408165
66.09183673469387
6.729591836734694
1.6479591836734695
29.836734693877553
49.30612244897959
34.91836734693877
7.525510204081633
34.64795918367347
65.53061224489795
50.494897959183675
25.98469387755102
5.173469387755102
50.48979591836735
23.056122448979593
16.464285714285715
5.214285714285714
110.1938775510204
26.056122448979593
8.392857142857142
10.877551020408163
82.9438775510204
14.33673469387755
3.9846938775510203
5.418367346938775
13.658163265306122
1.260204081632653
0.22959183673469388
2.3214285714285716
27.70408163265306
13.73469387755102
0.7142857142857143
26.102040816326532
59.316326530612244
107.01530612244898
13.933673469387756
60.57142857142857