1.8418367346938775
22.418367346938776
2.2346938775510203
0.44387755102040816
12.75
29.418367346938776
4.1479591836734695
1.4285714285714286
89.50510204081633
41.55102040816327
10.21938775510204
13.13265306122449
97.89795918367346
42.64795918367347
13.66326530612245
17.321428571428573
25.622448979591837
30.03061224489796
10.83673469387755
4.408163265306122
8.785714285714286
11.5
2.872448979591837
2.9030612244897958
4.831632653061225
5.096938775510204
0.4897959183673469
4.295918367346939
12.346938775510203
121.71938775510205
13.13265306122449
2.9948979591836733
4.709183673469388
102.99489795918367
14.357142857142858
1.4285714285714286
39.33163265306123
73.2704081632653
17.556122448979593
8.08673469387755
57.48979591836735
47.59183673469388
21.1734693877551
10.26530612244898
19.8265306122449
39.43877551020408
13.448979591836734
3.204081632653061
12.862244897959183
18.260204081632654
3.9744897959183674
7.545918367346939
15.857142857142858
19.913265306122447
0.9693877551020408
19.668367346938776
11.994897959183673
100.09183673469387
16.198979591836736
2.9693877551020407
5.658163265306122
87.06632653061224
17.31122448979592
2.372448979591837
51.255102040816325
63.23979591836735
16.387755102040817
8.127551020408163
78.75510204081633
20.801020408163264
11.53061224489796
7.270408163265306
19.132653061224488
10.158163265306122
3.826530612244898
1.9744897959183674
11.923469387755102
14.306122448979592
1.836734693877551
11.943877551020408
28.244897959183675
42.96938775510204
1.6173469387755102
38.82142857142857
37.51020408163265
41.71938775510204
25.95408163265306
2.061224489795918
24.729591836734695
67.23469387755102
29.086734693877553
3.7244897959183674
55.454081632653065
55.224489795918366
15.994897959183673
11.846938775510203
79.03571428571429
10.28061224489796
7.346938775510204
8.520408163265307
20.321428571428573
0.8469387755102041
1.163265306122449
1.9948979591836735
8.928571428571429
8.26530612244898
0.8928571428571429
8.51530612244898
30.214285714285715
42.57142857142857
2.020408163265306
31.857142857142858
76.37244897959184
40.1530612244898
17.229591836734695
15.408163265306122
44.37755102040816
47.26020408163265
17.76530612244898
13.78061224489796
62.285714285714285
32.62244897959184
16.04591836734694
8.903061224489797
78.31632653061224
5.892857142857143
9.826530612244898
5.892857142857143
19.239795918367346
0.46938775510204084
1.903061224489796
1.3673469387755102
14.76530612244898
4.214285714285714
3.0918367346938775
3.5714285714285716
44.857142857142854
23.244897959183675
6.938775510204081
14.040816326530612
38.78061224489796
36.44897959183673
2.729591836734694
20.520408163265305
25.346938775510203
61.933673469387756
7.801020408163265
21.255102040816325
52.71938775510204
47.19387755102041
15.290816326530612
13.438775510204081
70.43367346938776
9.724489795918368
9.877551020408163
10.260204081632653
17.382653061224488
4.188775510204081
5.668367346938775
2.8214285714285716
23.198979591836736
8.760204081632653
17.193877551020407
1.510204081632653
67.84183673469387
19.903061224489797
24.709183673469386
7.9438775510204085
7.627551020408164
14.056122448979592
0.44387755102040816
6.0561224489795915
10.83673469387755
31.683673469387756
2.4846938775510203
9.107142857142858
45.40816326530612
43.474489795918366
5.36734693877551
26.607142857142858
59.005102040816325
89.85204081632654
8.076530612244898
52.05612244897959
18.897959183673468
144.01020408163265
30.301020408163264
22.974489795918366
21.0
107.97448979591837
57.6530612244898
2.2908163265306123
47.48979591836735
61.60204081632653
52.0
2.63265306122449