6.964285714285714
4.285714285714286
0.6020408163265306
0.923469387755102
65.38775510204081
16.341836734693878
2.642857142857143
7.994897959183674
134.77551020408163
23.066326530612244
5.561224489795919
16.933673469387756
50.17857142857143
8.63265306122449
5.785714285714286
6.045918367346939
4.755102040816326
18.979591836734695
9.994897959183673
1.903061224489796
5.612244897959184
26.658163265306122
5.857142857142857
6.994897959183674
7.362244897959184
10.744897959183673
0.7346938775510204
6.678571428571429
13.137755102040817
44.785714285714285
11.89795918367347
2.6989795918367347
37.923469387755105
36.69897959183673
13.311224489795919
5.372448979591836
92.01020408163265
14.979591836734693
12.107142857142858
8.35204081632653
46.35204081632653
22.21938775510204
29.403061224489797
4.045918367346939
9.38265306122449
58.704081632653065
38.13775510204081
4.051020408163265
18.510204081632654
62.33163265306123
11.903061224489797
23.612244897959183
38.31122448979592
24.5
1.836734693877551
28.01530612244898
34.86224489795919
87.5
28.193877551020407
6.433673469387755
48.826530612244895
44.0
23.270408163265305
8.229591836734693
71.34183673469387
20.591836734693878
26.8265306122449
7.821428571428571
42.673469387755105
28.872448979591837
52.484693877551024
3.7857142857142856
8.64795918367347
34.85204081632653
30.836734693877553
2.336734693877551
34.21938775510204
27.331632653061224
6.780612244897959
19.066326530612244
105.48979591836735
15.229591836734693
3.872448979591837
33.09183673469388
49.474489795918366
36.25
22.352040816326532
4.321428571428571
57.53061224489796
20.612244897959183
28.663265306122447
5.63265306122449
61.36734693877551
16.020408163265305
30.479591836734695
6.0
42.66836734693877
10.260204081632653
26.586734693877553
2.076530612244898
7.387755102040816
19.882653061224488
12.193877551020408
2.239795918367347
34.68877551020408
22.581632653061224
6.88265306122449
8.316326530612244
138.75510204081633
12.627551020408163
10.994897959183673
15.244897959183673
65.6938775510204
14.698979591836734
28.03061224489796
1.6581632653061225
49.97959183673469
17.056122448979593
29.744897959183675
3.8622448979591835
80.70918367346938
10.607142857142858
14.918367346938776
6.051020408163265
67.24489795918367
5.153061224489796
11.91326530612245
2.8316326530612246
35.86734693877551
38.31122448979592
23.193877551020407
5.688775510204081
34.83163265306123
56.04081632653061
15.714285714285714
16.739795918367346
112.38265306122449
30.158163265306122
18.142857142857142
21.5
83.91836734693878
24.096938775510203
32.62755102040816
1.2142857142857142
55.65816326530612
11.510204081632653
21.112244897959183
2.6683673469387754
99.78571428571429
4.469387755102041
5.36734693877551
5.326530612244898
87.91326530612245
2.357142857142857
6.637755102040816
7.479591836734694
76.16326530612245
26.06122448979592
19.005102040816325
16.290816326530614
51.954081632653065
42.30612244897959
25.53061224489796
16.0765306122449
88.3061224489796
41.285714285714285
20.352040816326532
35.21938775510204
81.12244897959184
49.07142857142857
22.260204081632654
5.005102040816326
61.954081632653065
15.744897959183673
10.892857142857142
5.387755102040816
124.99489795918367
21.4234693877551
6.392857142857143
10.760204081632653
89.24489795918367
13.795918367346939
4.510204081632653
13.479591836734693
60.816326530612244
48.494897959183675
11.066326530612244
34.03061224489796
45.69387755102041
69.05102040816327
38.464285714285715
17.464285714285715
78.51530612244898
56.81122448979592
26.229591836734695
25.994897959183675