6.816326530612245
5.096938775510204
0.5102040816326531
0.7193877551020408
16.3265306122449
4.142857142857143
6.142857142857143
0.5204081632653061
59.994897959183675
34.32142857142857
32.86734693877551
7.826530612244898
71.59183673469387
68.66326530612245
28.255102040816325
38.30612244897959
53.34183673469388
44.42857142857143
6.586734693877551
39.45918367346939
15.795918367346939
26.107142857142858
1.8928571428571428
11.306122448979592
7.530612244897959
13.88265306122449
0.6581632653061225
8.051020408163266
35.38265306122449
23.224489795918366
1.739795918367347
9.244897959183673
30.93877551020408
3.688775510204082
9.08673469387755
1.1326530612244898
60.13265306122449
19.48469387755102
28.96938775510204
4.311224489795919
47.21938775510204
44.15816326530612
29.994897959183675
12.290816326530612
49.04081632653061
48.107142857142854
15.887755102040817
19.474489795918366
22.852040816326532
70.07142857142857
6.923469387755102
23.908163265306122
31.729591836734695
50.05102040816327
2.556122448979592
40.89795918367347
101.70408163265306
40.26020408163265
6.887755102040816
29.586734693877553
44.765306122448976
12.408163265306122
24.06122448979592
4.948979591836735
51.27040816326531
30.801020408163264
44.15816326530612
5.535714285714286
35.48979591836735
44.18877551020408
31.836734693877553
7.505102040816326
74.11224489795919
29.346938775510203
12.010204081632653
13.581632653061224
46.91836734693877
34.173469387755105
6.8979591836734695
15.66326530612245
110.51530612244898
42.505102040816325
7.862244897959184
59.015306122448976
129.39795918367346
27.21938775510204
13.346938775510203
29.198979591836736
54.15816326530612
24.117346938775512
39.295918367346935
11.051020408163266
56.3469387755102
20.28061224489796
26.81122448979592
17.56122448979592
44.744897959183675
12.872448979591837
8.571428571428571
12.372448979591837
96.24489795918367
6.704081632653061
6.26530612244898
7.530612244897959
63.34183673469388
8.60204081632653
8.591836734693878
4.48469387755102
149.20408163265307
17.801020408163264
36.295918367346935
15.209183673469388
100.61224489795919
22.081632653061224
13.066326530612244
17.464285714285715
53.62244897959184
15.954081632653061
23.602040816326532
10.801020408163266
35.77040816326531
19.627551020408163
8.290816326530612
29.658163265306122
39.244897959183675
37.224489795918366
7.020408163265306
32.88775510204081
74.0204081632653
30.31122448979592
15.096938775510203
12.193877551020408
43.964285714285715
44.3469387755102
27.632653061224488
5.454081632653061
68.58163265306122
47.36734693877551
71.21428571428571
0.7040816326530612
47.392857142857146
20.801020408163264
6.01530612244898
9.137755102040817
26.183673469387756
9.964285714285714
6.612244897959184
5.413265306122449
10.938775510204081
9.58673469387755
3.4642857142857144
11.673469387755102
36.38775510204081
31.831632653061224
13.785714285714286
21.556122448979593
56.62755102040816
38.734693877551024
25.602040816326532
11.505102040816327
21.494897959183675
54.704081632653065
28.035714285714285
3.3877551020408165
9.316326530612244
31.928571428571427
29.637755102040817
0.12755102040816327
8.989795918367347
8.020408163265307
1.316326530612245
2.306122448979592
6.6020408163265305
9.311224489795919
3.806122448979592
1.3010204081632653
15.535714285714286
22.122448979591837
19.285714285714285
1.8928571428571428
63.27040816326531
41.45918367346939
52.86734693877551
4.178571428571429
70.57142857142857
27.168367346938776
43.06122448979592
2.188775510204082
16.18877551020408
9.841836734693878
8.58673469387755
0.3520408163265306
0.6887755102040817
2.642857142857143
1.4540816326530612
0.01020408163265306