32.63265306122449
15.60204081632653
0.7602040816326531
4.964285714285714
60.79081632653061
17.744897959183675
2.816326530612245
9.21938775510204
47.433673469387756
12.71938775510204
3.933673469387755
5.801020408163265
40.06122448979592
10.301020408163266
7.678571428571429
1.8979591836734695
107.60714285714286
23.79591836734694
18.306122448979593
8.035714285714286
54.43877551020408
22.3265306122449
8.571428571428571
9.387755102040817
3.1530612244897958
5.4438775510204085
0.30612244897959184
3.5153061224489797
31.352040816326532
9.795918367346939
1.3928571428571428
7.153061224489796
63.37755102040816
12.801020408163266
4.76530612244898
12.137755102040817
47.4030612244898
30.255102040816325
13.596938775510203
8.33673469387755
26.81122448979592
47.22959183673469
28.367346938775512
3.36734693877551
51.214285714285715
51.56122448979592
30.336734693877553
10.071428571428571
25.816326530612244
65.47448979591837
9.377551020408163
33.16836734693877
17.357142857142858
31.520408163265305
0.6683673469387755
37.4030612244898
25.510204081632654
12.551020408163266
11.525510204081632
4.811224489795919
50.173469387755105
25.362244897959183
21.331632653061224
9.224489795918368
40.47959183673469
44.933673469387756
28.897959183673468
8.28061224489796
46.93877551020408
48.77040816326531
37.41836734693877
5.403061224489796
60.35204081632653
31.290816326530614
31.147959183673468
5.168367346938775
18.418367346938776
36.04081632653061
6.464285714285714
24.4234693877551
85.36734693877551
32.974489795918366
1.1275510204081634
69.0204081632653
47.70918367346939
27.714285714285715
40.183673469387756
1.8316326530612246
40.9030612244898
33.27040816326531
32.11734693877551
9.525510204081632
59.17857142857143
27.035714285714285
16.744897959183675
16.214285714285715
73.53061224489795
17.147959183673468
32.392857142857146
5.775510204081633
57.81122448979592
3.923469387755102
23.540816326530614
0.9795918367346939
11.540816326530612
1.9540816326530612
2.163265306122449
3.954081632653061
160.98979591836735
8.60204081632653
6.469387755102041
33.39795918367347
109.5
33.234693877551024
40.66326530612245
4.857142857142857
42.38265306122449
22.448979591836736
19.01530612244898
10.112244897959183
60.58673469387755
21.93877551020408
13.86734693877551
18.75
64.46428571428571
16.729591836734695
26.862244897959183
9.494897959183673
32.02040816326531
2.9744897959183674
13.112244897959183
3.0051020408163267
9.464285714285714
0.5510204081632653
3.88265306122449
0.336734693877551
164.9234693877551
6.88265306122449
30.142857142857142
4.877551020408164
121.90816326530613
42.994897959183675
14.448979591836734
24.566326530612244
30.23469387755102
35.41836734693877
20.306122448979593
8.408163265306122
41.994897959183675
29.418367346938776
27.040816326530614
6.719387755102041
45.78061224489796
21.831632653061224
15.306122448979592
12.071428571428571
20.377551020408163
6.413265306122449
4.933673469387755
6.489795918367347
20.964285714285715
2.173469387755102
17.270408163265305
0.336734693877551
117.33673469387755
13.127551020408163
55.474489795918366
0.42857142857142855
74.13265306122449
81.34183673469387
6.586734693877551
39.275510204081634
22.627551020408163
94.36224489795919
28.010204081632654
12.53061224489796
25.596938775510203
51.66836734693877
31.6734693877551
4.163265306122449
28.617346938775512
26.908163265306122
9.954081632653061
9.785714285714286
26.214285714285715
13.571428571428571
9.438775510204081
5.622448979591836
62.18877551020408
20.01530612244898
47.85204081632653
1.5561224489795917
82.09183673469387
24.683673469387756
57.974489795918366
1.1275510204081634