59.326530612244895
41.65816326530612
2.2244897959183674
2.8214285714285716
14.418367346938776
5.433673469387755
0.4642857142857143
0.8877551020408163
0.7551020408163265
0.05102040816326531
0.01020408163265306
0.0
5.285714285714286
1.0561224489795917
0.14285714285714285
0.8010204081632653
55.12755102040816
13.591836734693878
0.9540816326530612
13.551020408163266
92.8265306122449
31.408163265306122
1.030612244897959
29.979591836734695
61.94387755102041
29.760204081632654
0.3469387755102041
18.397959183673468
99.90306122448979
40.505102040816325
2.739795918367347
6.035714285714286
21.852040816326532
4.168367346938775
0.46938775510204084
1.4591836734693877
1.0204081632653061
0.061224489795918366
0.015306122448979591
0.0663265306122449
0.8061224489795918
0.15306122448979592
0.0
0.29591836734693877
14.556122448979592
1.8316326530612246
0.10204081632653061
7.1938775510204085
48.357142857142854
10.933673469387756
0.1683673469387755
23.775510204081634
86.87244897959184
28.678571428571427
0.015306122448979591
26.229591836734695
139.1530612244898
32.91836734693877
1.7857142857142858
9.387755102040817
34.41326530612245
5.112244897959184
0.34183673469387754
3.438775510204082
1.8112244897959184
0.20408163265306123
0.00510204081632653
0.41836734693877553
0.17346938775510204
0.025510204081632654
0.0
0.015306122448979591
4.76530612244898
0.6173469387755102
0.00510204081632653
2.061224489795918
33.80102040816327
7.525510204081633
0.07653061224489796
10.91326530612245
125.14795918367346
28.377551020408163
0.29081632653061223
24.193877551020407
135.51020408163265
27.147959183673468
0.5918367346938775
13.188775510204081
46.80612244897959
6.224489795918367
0.08163265306122448
7.346938775510204
5.591836734693878
0.42346938775510207
0.0663265306122449
1.1122448979591837
1.1275510204081634
0.1683673469387755
0.1989795918367347
0.015306122448979591
1.8775510204081634
0.3520408163265306
0.12244897959183673
0.3622448979591837
20.892857142857142
4.653061224489796
0.16326530612244897
3.6683673469387754
133.59183673469389
25.336734693877553
1.6377551020408163
15.045918367346939
107.64795918367346
22.974489795918366
0.10204081632653061
14.561224489795919
59.69897959183673
7.673469387755102
0.25510204081632654
14.045918367346939
14.423469387755102
1.4438775510204083
1.163265306122449
3.693877551020408
5.163265306122449
0.7959183673469388
1.8010204081632653
0.12755102040816327
2.076530612244898
0.2857142857142857
0.44387755102040816
0.030612244897959183
13.096938775510203
3.107142857142857
0.32142857142857145
1.1173469387755102
107.23469387755102
22.066326530612244
3.816326530612245
6.98469387755102
69.7704081632653
17.78061224489796
0.08163265306122448
13.020408163265307
64.45918367346938
14.198979591836734
0.8826530612244898
23.408163265306122
31.459183673469386
9.244897959183673
4.510204081632653
10.23469387755102
11.668367346938776
2.2244897959183674
3.7193877551020407
0.5714285714285714
1.9489795918367347
0.3673469387755102
0.6224489795918368
0.01020408163265306
9.479591836734693
2.704081632653061
0.5918367346938775
0.336734693877551
72.04081632653062
18.892857142857142
3.8979591836734695
2.88265306122449
42.08673469387755
17.46938775510204
0.1989795918367347
12.091836734693878
74.55102040816327
42.53061224489796
3.7448979591836733
33.45918367346939
69.57142857142857
41.05612244897959
9.959183673469388
22.28061224489796
25.586734693877553
8.489795918367347
5.8979591836734695
2.3418367346938775
2.086734693877551
0.5102040816326531
0.6173469387755102
0.0
8.801020408163266
4.408163265306122
1.3010204081632653
0.15306122448979592
51.765306122448976
24.464285714285715
3.9744897959183674
1.5510204081632653