12.923469387755102
28.505102040816325
1.3826530612244898
3.923469387755102
23.658163265306122
67.73979591836735
2.7193877551020407
16.239795918367346
31.066326530612244
107.75510204081633
3.8214285714285716
35.55102040816327
25.096938775510203
84.07142857142857
3.1581632653061225
28.653061224489797
11.576530612244898
36.464285714285715
1.1734693877551021
7.6938775510204085
3.423469387755102
11.188775510204081
0.16326530612244897
1.5510204081632653
1.1734693877551021
4.928571428571429
0.11224489795918367
0.5816326530612245
1.3010204081632653
4.3520408163265305
0.41836734693877553
0.20408163265306123
1.6428571428571428
8.36734693877551
0.8061224489795918
1.030612244897959
4.362244897959184
18.744897959183675
1.8265306122448979
3.9846938775510203
7.040816326530612
32.55102040816327
2.7448979591836733
6.13265306122449
4.596938775510204
31.112244897959183
1.8214285714285714
3.979591836734694
1.8979591836734695
19.857142857142858
0.3877551020408163
2.5816326530612246
3.4489795918367347
9.637755102040817
0.10714285714285714
2.295918367346939
3.8469387755102042
45.214285714285715
8.811224489795919
0.34183673469387754
1.0408163265306123
57.285714285714285
16.387755102040817
0.10204081632653061
0.6530612244897959
83.76530612244898
21.489795918367346
0.3163265306122449
0.6836734693877551
105.06122448979592
14.775510204081632
1.9387755102040816
1.5816326530612246
106.56632653061224
4.688775510204081
8.89795918367347
5.270408163265306
82.12244897959184
1.1224489795918366
17.627551020408163
22.68877551020408
55.70918367346939
1.0051020408163265
21.056122448979593
10.683673469387756
132.83163265306123
26.821428571428573
1.5612244897959184
1.6173469387755102
85.17857142857143
29.387755102040817
0.15306122448979592
0.5561224489795918
73.2295918367347
21.198979591836736
0.2193877551020408
0.5663265306122449
63.69387755102041
9.051020408163266
1.3826530612244898
2.877551020408163
60.025510204081634
2.3418367346938775
6.8061224489795915
18.183673469387756
61.54081632653061
2.4285714285714284
17.387755102040817
95.43367346938776
63.775510204081634
6.816326530612245
31.709183673469386
4.209183673469388
50.89795918367347
8.510204081632653
0.8520408163265306
0.47959183673469385
13.372448979591837
4.974489795918367
0.04081632653061224
0.11734693877551021
3.5153061224489797
1.3673469387755102
0.01020408163265306
0.8724489795918368
1.6071428571428572
0.9132653061224489
0.025510204081632654
5.673469387755102
6.5
4.755102040816326
0.2755102040816326
27.96938775510204
25.612244897959183
13.173469387755102
1.5510204081632653
111.7295918367347
44.5
28.352040816326532
7.26530612244898
0.061224489795918366
0.32142857142857145
0.0663265306122449
0.0
0.04081632653061224
0.8775510204081632
0.3673469387755102
0.0
0.29081632653061223
3.0408163265306123
2.1989795918367347
0.01020408163265306
3.377551020408163
10.520408163265307
9.83673469387755
0.01020408163265306
14.64795918367347
29.26530612244898
25.5765306122449
0.0
27.48469387755102
48.33163265306123
32.357142857142854
0.0
49.045918367346935
53.107142857142854
27.974489795918366
0.10714285714285714
2.413265306122449
12.831632653061224
1.8418367346938775
0.45408163265306123
4.010204081632653
23.0
5.668367346938775
0.6275510204081632
11.433673469387756
47.765306122448976
19.540816326530614
0.9642857142857143
24.158163265306122
77.9438775510204
45.576530612244895
1.066326530612245
32.6530612244898
74.77551020408163
52.66326530612245
0.29591836734693877
22.290816326530614
44.12755102040816
27.21938775510204
0.03571428571428571
11.770408163265307
20.010204081632654
7.637755102040816
0.0