39.30102040816327
67.74489795918367
1.4438775510204083
23.622448979591837
24.091836734693878
34.88265306122449
1.3775510204081634
23.372448979591837
9.806122448979592
14.35204081632653
2.336734693877551
8.801020408163266
12.698979591836734
16.03061224489796
14.704081632653061
1.239795918367347
47.255102040816325
44.62755102040816
41.265306122448976
2.8316326530612246
57.474489795918366
59.433673469387756
33.07142857142857
4.938775510204081
35.357142857142854
38.214285714285715
10.423469387755102
2.8010204081632653
19.918367346938776
34.494897959183675
1.086734693877551
19.73469387755102
23.46938775510204
41.09183673469388
3.36734693877551
28.775510204081634
19.494897959183675
36.734693877551024
15.474489795918368
13.326530612244898
22.806122448979593
35.56122448979592
44.765306122448976
1.7040816326530612
24.6734693877551
35.66326530612245
45.01020408163265
0.20408163265306123
11.229591836734693
22.153061224489797
16.877551020408163
0.27040816326530615
3.923469387755102
12.551020408163266
3.938775510204082
0.34183673469387754
6.1020408163265305
11.36734693877551
2.9183673469387754
4.326530612244898
17.933673469387756
27.79591836734694
15.443877551020408
8.76530612244898
28.346938775510203
44.66326530612245
40.55102040816327
6.153061224489796
24.117346938775512
50.60204081632653
44.05612244897959
1.9591836734693877
10.688775510204081
50.535714285714285
22.45408163265306
0.9948979591836735
4.1479591836734695
47.46938775510204
10.096938775510203
1.2142857142857142
16.693877551020407
56.13775510204081
8.642857142857142
3.9642857142857144
10.392857142857142
44.005102040816325
19.489795918367346
1.0
17.770408163265305
44.80102040816327
34.8469387755102
2.438775510204082
20.096938775510203
67.49489795918367
36.61734693877551
4.801020408163265
12.331632653061224
91.29081632653062
29.93877551020408
3.693877551020408
12.091836734693878
85.0204081632653
24.964285714285715
3.943877551020408
13.76530612244898
65.17857142857143
23.316326530612244
3.38265306122449
30.494897959183675
71.97448979591837
25.158163265306122
4.086734693877551
16.979591836734695
93.15306122448979
29.306122448979593
2.673469387755102
6.204081632653061
59.33673469387755
26.607142857142858
1.3214285714285714
6.739795918367347
60.326530612244895
21.54591836734694
1.8265306122448979
19.73469387755102
58.87244897959184
28.729591836734695
2.0306122448979593
31.75
47.892857142857146
40.37244897959184
2.8418367346938775
17.95408163265306
35.224489795918366
28.193877551020407
1.1377551020408163
11.01530612244898
27.785714285714285
14.60204081632653
0.33163265306122447
6.637755102040816
39.81122448979592
8.428571428571429
1.3775510204081634
3.020408163265306
17.01530612244898
6.688775510204081
0.41836734693877553
15.948979591836734
11.693877551020408
6.86734693877551
1.8877551020408163
52.3469387755102
17.75
21.744897959183675
5.709183673469388
47.76020408163265
19.98469387755102
23.908163265306122
5.663265306122449
13.01530612244898
10.581632653061224
8.551020408163266
1.5255102040816326
2.8877551020408165
4.158163265306122
2.010204081632653
0.1377551020408163
0.4846938775510204
1.9591836734693877
0.25510204081632654
0.1377551020408163
1.8265306122448979
1.8418367346938775
0.2653061224489796
0.6887755102040817
14.964285714285714
8.025510204081632
1.2551020408163265
6.908163265306122
42.58673469387755
40.16836734693877
3.545918367346939
32.41326530612245
35.83673469387755
106.09183673469387
3.642857142857143
51.87755102040816
11.857142857142858
152.35204081632654
3.75
32.86734693877551
22.3265306122449
179.12755102040816
10.10204081632653
18.54591836734694