24.698979591836736
107.28571428571429
9.535714285714286
5.663265306122449
10.98469387755102
137.8112244897959
15.964285714285714
3.413265306122449
20.04591836734694
152.1377551020408
25.193877551020407
5.285714285714286
46.69897959183673
118.23469387755102
33.44897959183673
9.923469387755102
50.43877551020408
62.57142857142857
25.31122448979592
7.168367346938775
23.28061224489796
22.229591836734695
7.051020408163265
2.5918367346938775
6.0561224489795915
4.704081632653061
0.673469387755102
0.4744897959183674
8.63265306122449
40.33163265306123
3.9744897959183674
2.0714285714285716
9.178571428571429
35.58673469387755
10.244897959183673
0.9387755102040817
31.535714285714285
32.923469387755105
31.066326530612244
0.9642857142857143
41.44387755102041
24.290816326530614
42.683673469387756
1.5
19.755102040816325
14.08673469387755
20.091836734693878
0.7602040816326531
4.346938775510204
6.5561224489795915
3.938775510204082
0.34183673469387754
0.6938775510204082
1.6989795918367347
0.336734693877551
0.2193877551020408
4.214285714285714
9.459183673469388
3.7908163265306123
0.25
21.397959183673468
18.581632653061224
19.841836734693878
0.7602040816326531
39.3469387755102
36.60204081632653
41.18877551020408
2.4744897959183674
24.1734693877551
58.51020408163265
31.382653061224488
2.6683673469387754
5.86734693877551
67.2295918367347
10.459183673469388
4.903061224489796
1.3775510204081634
50.13775510204081
1.6734693877551021
10.454081632653061
3.8622448979591835
25.290816326530614
0.35714285714285715
10.387755102040817
14.357142857142858
41.6530612244898
21.979591836734695
0.8673469387755102
20.73469387755102
43.55102040816327
35.94897959183673
1.4591836734693877
17.714285714285715
64.18367346938776
33.42857142857143
4.0
6.030612244897959
92.29081632653062
21.51530612244898
3.13265306122449
1.030612244897959
99.16836734693878
8.193877551020408
8.566326530612244
4.928571428571429
88.23469387755102
2.076530612244898
26.127551020408163
46.40816326530612
72.41326530612245
2.3622448979591835
44.01020408163265
19.9234693877551
75.65816326530613
31.270408163265305
2.086734693877551
6.387755102040816
38.69897959183673
26.959183673469386
0.6683673469387755
1.760204081632653
30.596938775510203
15.158163265306122
0.6581632653061225
0.37244897959183676
22.821428571428573
6.198979591836735
0.32142857142857145
0.15816326530612246
19.903061224489797
2.1377551020408165
1.8316326530612246
9.433673469387756
29.132653061224488
6.408163265306122
9.454081632653061
117.15306122448979
53.67857142857143
22.352040816326532
29.877551020408163
9.729591836734693
39.36224489795919
10.39795918367347
1.8877551020408163
1.8571428571428572
11.107142857142858
5.6479591836734695
1.1020408163265305
0.4489795918367347
4.086734693877551
1.586734693877551
0.5306122448979592
0.336734693877551
5.290816326530612
3.5051020408163267
0.09183673469387756
1.6938775510204083
15.229591836734693
14.83673469387755
0.025510204081632654
11.561224489795919
32.94897959183673
35.78061224489796
0.1989795918367347
77.55102040816327
54.36734693877551
51.87755102040816
2.193877551020408
6.183673469387755
21.709183673469386
1.2908163265306123
3.306122448979592
6.0
39.56122448979592
3.3520408163265305
5.505102040816326
7.454081632653061
72.50510204081633
11.316326530612244
6.928571428571429
9.489795918367347
103.13265306122449
31.775510204081634
4.214285714285714
12.025510204081632
102.37755102040816
58.775510204081634
1.4642857142857142
14.60204081632653
66.78061224489795
59.38265306122449
0.15306122448979592
19.744897959183675
38.54081632653061
33.3469387755102
0.04081632653061224