4.25
30.489795918367346
1.8622448979591837
0.7346938775510204
25.020408163265305
27.153061224489797
5.673469387755102
1.7551020408163265
82.91836734693878
39.40816326530612
13.5
6.6938775510204085
79.12244897959184
55.954081632653065
16.091836734693878
7.607142857142857
31.540816326530614
54.755102040816325
12.040816326530612
3.520408163265306
12.091836734693878
40.61224489795919
5.8520408163265305
1.780612244897959
8.775510204081632
23.122448979591837
2.3469387755102042
1.3061224489795917
13.693877551020408
126.01530612244898
9.418367346938776
4.107142857142857
17.5
81.51530612244898
13.438775510204081
3.8010204081632653
38.12244897959184
49.77040816326531
21.066326530612244
5.091836734693878
27.581632653061224
60.535714285714285
20.918367346938776
4.362244897959184
9.188775510204081
77.0204081632653
14.678571428571429
2.020408163265306
6.295918367346939
57.06122448979592
7.841836734693878
1.0561224489795917
8.178571428571429
30.928571428571427
3.204081632653061
1.1071428571428572
15.668367346938776
99.40816326530613
9.112244897959183
3.556122448979592
38.58673469387755
60.87244897959184
13.795918367346939
3.693877551020408
59.17857142857143
35.0969387755102
21.040816326530614
4.244897959183674
24.897959183673468
34.38775510204081
14.959183673469388
1.0816326530612246
2.4489795918367347
39.974489795918366
6.1020408163265305
0.6581632653061225
0.8061224489795918
31.285714285714285
2.0306122448979593
1.7040816326530612
1.3928571428571428
17.408163265306122
0.9081632653061225
2.1989795918367347
15.71938775510204
15.755102040816327
3.6479591836734695
0.8979591836734694
50.08163265306123
23.137755102040817
12.33673469387755
3.127551020408163
56.02040816326531
49.265306122448976
20.54591836734694
6.107142857142857
16.877551020408163
81.83673469387755
19.678571428571427
2.8316326530612246
1.25
100.45918367346938
10.954081632653061
3.336734693877551
1.9744897959183674
92.67857142857143
2.954081632653061
14.035714285714286
20.387755102040817
63.107142857142854
1.2040816326530612
28.831632653061224
13.316326530612244
17.056122448979593
3.8316326530612246
1.530612244897959
24.903061224489797
33.52040816326531
10.224489795918368
4.219387755102041
16.770408163265305
61.244897959183675
17.933673469387756
5.153061224489796
3.892857142857143
72.63265306122449
17.6734693877551
2.086734693877551
0.6071428571428571
71.56122448979592
8.331632653061224
2.816326530612245
7.025510204081633
70.10714285714286
5.709183673469388
13.270408163265307
93.18877551020408
71.61224489795919
13.938775510204081
39.85204081632653
4.540816326530612
10.239795918367347
1.0765306122448979
1.1734693877551021
4.6020408163265305
15.71938775510204
3.4948979591836733
1.4795918367346939
2.5051020408163267
16.132653061224488
5.0561224489795915
0.9897959183673469
0.7193877551020408
12.709183673469388
5.13265306122449
0.22448979591836735
1.1326530612244898
17.494897959183675
11.107142857142858
0.14285714285714285
9.83673469387755
31.959183673469386
28.096938775510203
1.4744897959183674
91.0204081632653
52.89795918367347
48.79081632653061
7.811224489795919
4.295918367346939
13.071428571428571
1.4081632653061225
1.836734693877551
7.341836734693878
32.19387755102041
4.045918367346939
4.73469387755102
8.295918367346939
69.07142857142857
9.331632653061224
5.433673469387755
8.301020408163266
104.11734693877551
25.586734693877553
3.8520408163265305
8.58673469387755
110.66326530612245
51.44897959183673
1.3112244897959184
12.137755102040817
82.28571428571429
61.68877551020408
0.12244897959183673
26.75
52.765306122448976
45.84183673469388
0.07142857142857142