7.188775510204081
15.46938775510204
1.1326530612244898
1.4642857142857142
32.857142857142854
36.61224489795919
3.627551020408163
9.045918367346939
73.9234693877551
58.933673469387756
6.816326530612245
25.346938775510203
50.75
64.28061224489795
8.46938775510204
20.836734693877553
18.071428571428573
76.96428571428571
13.418367346938776
5.01530612244898
16.755102040816325
67.85714285714286
10.612244897959183
2.0714285714285716
14.433673469387756
33.755102040816325
3.229591836734694
1.2755102040816326
13.826530612244898
61.045918367346935
7.86734693877551
1.3214285714285714
11.806122448979592
75.25
15.122448979591837
2.4846938775510203
21.403061224489797
72.03061224489795
15.887755102040817
8.607142857142858
31.336734693877553
50.36734693877551
9.928571428571429
15.46938775510204
30.239795918367346
58.20918367346939
12.66326530612245
9.938775510204081
16.086734693877553
56.9030612244898
10.494897959183673
2.9948979591836733
15.255102040816327
45.316326530612244
6.239795918367347
1.913265306122449
15.173469387755102
70.64285714285714
8.020408163265307
1.6224489795918366
4.88265306122449
63.015306122448976
12.091836734693878
0.8979591836734694
9.653061224489797
56.505102040816325
10.637755102040817
4.928571428571429
37.974489795918366
41.857142857142854
8.387755102040817
17.352040816326532
40.58673469387755
40.79081632653061
8.14795918367347
17.382653061224488
19.260204081632654
58.25
12.85204081632653
6.474489795918367
26.107142857142858
84.92857142857143
18.464285714285715
3.183673469387755
5.673469387755102
37.88265306122449
4.448979591836735
1.2908163265306123
3.295918367346939
65.5561224489796
11.85204081632653
0.9183673469387755
4.321428571428571
88.29591836734694
20.70408163265306
1.0255102040816326
17.239795918367346
82.73469387755102
20.862244897959183
6.183673469387755
25.770408163265305
62.43877551020408
11.489795918367347
17.98469387755102
27.086734693877553
61.82142857142857
11.193877551020408
17.979591836734695
28.392857142857142
79.0765306122449
14.89795918367347
10.061224489795919
5.581632653061225
47.37244897959184
5.045918367346939
2.0816326530612246
3.188775510204082
64.57142857142857
11.474489795918368
1.530612244897959
1.0918367346938775
67.73469387755102
14.831632653061224
0.4846938775510204
2.489795918367347
50.07142857142857
10.14795918367347
2.4642857142857144
13.454081632653061
38.69387755102041
5.438775510204081
15.933673469387756
24.290816326530614
48.72959183673469
4.051020408163265
28.56122448979592
29.260204081632654
77.75
4.739795918367347
27.362244897959183
13.403061224489797
77.20918367346938
2.438775510204082
19.244897959183675
4.918367346938775
35.214285714285715
1.6377551020408163
15.239795918367347
1.3622448979591837
18.48469387755102
0.8979591836734694
6.857142857142857
0.7857142857142857
9.204081632653061
0.8469387755102041
2.316326530612245
3.739795918367347
12.744897959183673
1.9081632653061225
3.7806122448979593
7.428571428571429
27.653061224489797
2.2857142857142856
8.76530612244898
13.821428571428571
55.38775510204081
3.6020408163265305
12.443877551020408
15.387755102040817
77.81632653061224
1.510204081632653
31.653061224489797
9.198979591836734
98.59693877551021
1.3724489795918366
48.08673469387755
4.903061224489796
142.5204081632653
1.3418367346938775
44.01020408163265
5.137755102040816
159.94387755102042
2.5153061224489797
27.301020408163264
7.974489795918367
136.33163265306123
4.535714285714286
12.423469387755102
8.61734693877551
92.27551020408163
4.760204081632653
5.612244897959184
12.948979591836734
66.31632653061224
7.168367346938775
2.9030612244897958