0.0
0.0
0.0
0.0
0.29081632653061223
0.32142857142857145
0.07142857142857142
0.0
5.469387755102041
4.392857142857143
3.38265306122449
0.0
31.943877551020407
23.836734693877553
20.678571428571427
0.3673469387755102
58.70918367346939
57.89795918367347
36.55102040816327
1.586734693877551
49.84183673469388
62.525510204081634
22.846938775510203
1.4591836734693877
36.57142857142857
41.16326530612245
8.658163265306122
0.7397959183673469
0.23979591836734693
1.0510204081632653
0.37244897959183676
0.0
3.7857142857142856
9.10204081632653
5.479591836734694
0.0
14.954081632653061
29.306122448979593
26.321428571428573
0.0
24.841836734693878
42.683673469387756
46.82142857142857
0.0
18.193877551020407
34.826530612244895
31.051020408163264
0.0
7.454081632653061
16.474489795918366
9.642857142857142
0.0
3.163265306122449
6.26530612244898
2.4030612244897958
0.09693877551020408
10.14795918367347
36.005102040816325
12.974489795918368
0.1989795918367347
15.948979591836734
49.933673469387756
31.9234693877551
0.07142857142857142
19.6734693877551
53.58163265306123
46.954081632653065
0.025510204081632654
12.193877551020408
31.678571428571427
28.316326530612244
0.00510204081632653
3.489795918367347
10.551020408163266
7.387755102040816
0.0
0.42857142857142855
2.183673469387755
0.9081632653061225
0.0
0.24489795918367346
0.2602040816326531
0.05612244897959184
0.0
43.295918367346935
105.9795918367347
22.107142857142858
11.270408163265307
29.46938775510204
59.46938775510204
25.04591836734694
12.045918367346939
13.938775510204081
39.13265306122449
16.051020408163264
8.581632653061224
2.392857142857143
9.91326530612245
3.229591836734694
2.2806122448979593
0.27040816326530615
0.7857142857142857
0.14795918367346939
0.15306122448979592
0.0
0.0
0.0
0.0
0.0
0.0
0.0
0.0
25.112244897959183
83.01020408163265
4.096938775510204
17.372448979591837
12.954081632653061
68.41326530612245
2.0969387755102042
27.821428571428573
8.270408163265307
75.18877551020408
1.5510204081632653
37.234693877551024
3.1530612244897958
50.54081632653061
0.4489795918367347
29.163265306122447
1.433673469387755
22.178571428571427
0.11224489795918367
13.010204081632653
0.4897959183673469
5.744897959183674
0.00510204081632653
2.811224489795918
0.20408163265306123
0.8010204081632653
0.0
0.10714285714285714
1.846938775510204
12.198979591836734
0.09693877551020408
2.316326530612245
1.6683673469387754
22.372448979591837
0.15816326530612246
8.168367346938776
3.795918367346939
43.234693877551024
0.35714285714285715
22.06122448979592
6.275510204081633
62.09183673469388
0.5969387755102041
39.515306122448976
7.6938775510204085
62.714285714285715
0.4336734693877551
40.20918367346939
7.188775510204081
45.1530612244898
0.18877551020408162
24.56122448979592
6.188775510204081
26.198979591836736
0.01020408163265306
10.551020408163266
0.14285714285714285
0.5714285714285714
0.0
0.02040816326530612
0.10714285714285714
1.0
0.0
0.17857142857142858
1.1122448979591837
4.459183673469388
0.0
1.7653061224489797
4.653061224489796
18.04591836734694
0.061224489795918366
9.188775510204081
16.209183673469386
47.63775510204081
0.22959183673469388
25.0765306122449
25.877551020408163
88.95918367346938
0.1683673469387755
41.23979591836735
78.97448979591837
182.54591836734693
2.7448979591836733
57.48979591836735