16.53061224489796
105.26020408163265
8.107142857142858
5.091836734693878
7.290816326530612
148.12244897959184
14.73469387755102
3.9642857142857144
15.826530612244898
171.06632653061226
27.321428571428573
4.836734693877551
39.88265306122449
144.04591836734693
38.45918367346939
8.877551020408163
45.4030612244898
84.65816326530613
30.95408163265306
6.331632653061225
23.362244897959183
33.47959183673469
11.214285714285714
2.443877551020408
8.372448979591837
10.545918367346939
2.045918367346939
0.6071428571428571
2.9693877551020407
27.857142857142858
3.377551020408163
1.030612244897959
8.035714285714286
29.816326530612244
11.270408163265307
0.5612244897959183
29.147959183673468
41.05102040816327
35.826530612244895
1.260204081632653
32.30612244897959
44.224489795918366
43.14795918367347
1.9540816326530612
13.091836734693878
32.54081632653061
19.897959183673468
1.8775510204081634
3.107142857142857
16.178571428571427
4.637755102040816
1.8520408163265305
0.576530612244898
5.198979591836735
0.6785714285714286
1.1989795918367347
5.75
14.903061224489797
8.392857142857142
0.18877551020408162
21.0
31.306122448979593
27.821428571428573
1.0153061224489797
29.035714285714285
61.14795918367347
41.37755102040816
4.387755102040816
14.377551020408163
95.56122448979592
28.964285714285715
4.178571428571429
3.479591836734694
106.5204081632653
9.612244897959183
8.173469387755102
2.877551020408163
84.05102040816327
2.239795918367347
19.301020408163264
13.056122448979592
49.13775510204081
0.9081632653061225
24.06122448979592
17.877551020408163
58.984693877551024
30.581632653061224
1.0051020408163265
15.081632653061224
48.71938775510204
38.47959183673469
1.1479591836734695
7.6020408163265305
60.494897959183675
27.867346938775512
2.576530612244898
1.9948979591836735
70.79591836734694
14.311224489795919
2.2448979591836733
1.2704081632653061
69.86224489795919
4.954081632653061
5.596938775510204
7.918367346938775
67.73979591836735
2.25
19.70408163265306
87.28061224489795
68.83673469387755
5.1020408163265305
45.16836734693877
24.275510204081634
69.49489795918367
30.321428571428573
1.4591836734693877
8.627551020408163
35.61224489795919
24.066326530612244
0.21428571428571427
4.581632653061225
47.97959183673469
16.75
0.9438775510204082
2.061224489795918
67.63265306122449
10.122448979591837
4.673469387755102
2.377551020408163
61.19897959183673
3.8622448979591835
10.193877551020408
10.918367346938776
42.673469387755105
5.418367346938775
9.020408163265307
137.51020408163265
40.40816326530612
22.448979591836736
15.73469387755102
20.913265306122447
26.117346938775512
8.045918367346939
2.0357142857142856
28.724489795918366
18.321428571428573
11.056122448979592
2.5306122448979593
34.035714285714285
42.90816326530612
20.816326530612244
3.188775510204082
16.806122448979593
73.37244897959184
17.035714285714285
7.1020408163265305
13.489795918367347
79.68367346938776
9.377551020408163
18.806122448979593
23.193877551020407
61.09183673469388
16.03061224489796
15.938775510204081
89.16326530612245
50.923469387755105
35.09183673469388
5.168367346938775
12.816326530612244
10.346938775510203
0.673469387755102
4.1938775510204085
37.183673469387756
28.729591836734695
2.204081632653061
17.556122448979593
54.32142857142857
86.50510204081633
5.979591836734694
34.57142857142857
30.214285714285715
155.04591836734693
16.867346938775512
25.9234693877551
19.637755102040817
152.80612244897958
40.14795918367347
9.591836734693878
27.581632653061224
88.87244897959184
48.535714285714285
5.275510204081633
42.98979591836735
51.28061224489796
31.551020408163264
2.1989795918367347