4.520408163265306
13.525510204081632
0.9285714285714286
1.1173469387755102
17.4234693877551
40.87244897959184
2.663265306122449
11.622448979591837
34.204081632653065
83.56122448979592
4.331632653061225
38.94387755102041
31.448979591836736
72.66836734693878
4.954081632653061
36.244897959183675
15.081632653061224
25.091836734693878
3.5255102040816326
8.392857142857142
2.938775510204082
4.096938775510204
1.030612244897959
0.5663265306122449
0.3622448979591837
0.5204081632653061
0.10714285714285714
0.02040816326530612
2.826530612244898
19.4234693877551
2.4948979591836733
0.5612244897959183
1.469387755102041
37.8469387755102
6.13265306122449
1.0204081632653061
4.469387755102041
61.0
12.739795918367347
3.729591836734694
14.454081632653061
71.59693877551021
18.341836734693878
7.066326530612245
18.540816326530614
47.53061224489796
17.20408163265306
5.3061224489795915
10.612244897959183
12.979591836734693
6.887755102040816
1.8775510204081634
0.9897959183673469
1.530612244897959
0.9336734693877551
0.29081632653061223
9.423469387755102
68.71428571428571
8.790816326530612
2.510204081632653
3.576530612244898
91.13265306122449
16.53061224489796
1.8010204081632653
8.658163265306122
94.79591836734694
26.95408163265306
1.336734693877551
29.709183673469386
71.5561224489796
41.75
4.607142857142857
31.892857142857142
30.79591836734694
39.51020408163265
4.178571428571429
10.301020408163266
7.316326530612245
11.209183673469388
1.0612244897959184
0.7908163265306123
0.6785714285714286
0.8877551020408163
0.1836734693877551
4.545918367346939
35.59183673469388
4.714285714285714
1.1377551020408163
5.525510204081633
27.346938775510203
9.846938775510203
0.37244897959183676
23.602040816326532
27.316326530612244
35.55612244897959
1.0255102040816326
37.19897959183673
25.275510204081634
60.515306122448976
2.489795918367347
16.642857142857142
9.260204081632653
26.428571428571427
1.4642857142857142
1.760204081632653
0.8775510204081632
3.2653061224489797
0.11734693877551021
1.2857142857142858
0.8418367346938775
0.7397959183673469
0.061224489795918366
3.122448979591837
6.1938775510204085
5.316326530612245
0.04081632653061224
15.63265306122449
17.903061224489797
27.214285714285715
0.42346938775510207
31.18877551020408
38.85204081632653
51.38265306122449
5.38265306122449
28.346938775510203
44.775510204081634
29.770408163265305
17.117346938775512
14.704081632653061
12.566326530612244
4.678571428571429
12.785714285714286
2.38265306122449
1.9846938775510203
0.8571428571428571
1.6734693877551021
10.025510204081632
11.826530612244898
10.255102040816327
0.6683673469387755
23.06122448979592
32.32142857142857
30.362244897959183
0.11224489795918367
23.214285714285715
34.22959183673469
48.19897959183673
0.5816326530612245
15.459183673469388
47.22959183673469
32.51020408163265
7.25
29.367346938775512
44.17857142857143
7.525510204081633
31.846938775510203
36.423469387755105
24.627551020408163
1.9234693877551021
34.44387755102041
9.58673469387755
26.56122448979592
8.428571428571429
7.98469387755102
29.357142857142858
54.183673469387756
42.03061224489796
1.989795918367347
108.00510204081633
121.18877551020408
51.12755102040816
3.3520408163265305
35.36224489795919
32.91836734693877
35.994897959183675
0.23469387755102042
8.46938775510204
14.362244897959183
10.01530612244898
2.510204081632653
27.224489795918366
17.005102040816325
1.4387755102040816
21.127551020408163
43.474489795918366
67.84183673469387
3.020408163265306
44.295918367346935
22.23469387755102
120.37755102040816
23.03061224489796
19.653061224489797
45.64795918367347
114.4438775510204
57.607142857142854
2.892857142857143