13.91326530612245
9.071428571428571
0.1989795918367347
3.510204081632653
21.887755102040817
8.596938775510203
0.5510204081632653
6.494897959183674
27.714285714285715
6.270408163265306
1.1224489795918366
7.739795918367347
82.38265306122449
18.566326530612244
7.122448979591836
23.653061224489797
77.0204081632653
22.040816326530614
12.561224489795919
18.693877551020407
20.96938775510204
24.887755102040817
8.841836734693878
3.433673469387755
21.658163265306122
29.581632653061224
3.9030612244897958
7.163265306122449
26.994897959183675
13.85204081632653
0.3979591836734694
10.5
44.994897959183675
11.831632653061224
1.280612244897959
18.066326530612244
29.668367346938776
8.938775510204081
4.316326530612245
8.831632653061224
39.98979591836735
19.617346938775512
14.637755102040817
9.73469387755102
43.75
43.51020408163265
23.806122448979593
9.903061224489797
11.892857142857142
67.63265306122449
15.938775510204081
4.98469387755102
45.16836734693877
66.7295918367347
8.08673469387755
24.71938775510204
25.53061224489796
15.188775510204081
3.2806122448979593
10.948979591836734
56.535714285714285
19.658163265306122
5.5
23.816326530612244
37.97959183673469
36.88265306122449
20.872448979591837
13.122448979591837
21.443877551020407
58.05102040816327
40.33673469387755
3.7806122448979593
21.214285714285715
64.70408163265306
30.887755102040817
4.255102040816326
9.23469387755102
69.55102040816327
16.760204081632654
5.086734693877551
101.98469387755102
65.07142857142857
25.93877551020408
31.913265306122447
17.505102040816325
62.795918367346935
24.948979591836736
5.11734693877551
36.55102040816327
47.984693877551024
22.928571428571427
14.709183673469388
43.87755102040816
42.433673469387756
27.040816326530614
17.01530612244898
22.321428571428573
38.55612244897959
27.005102040816325
5.9438775510204085
14.673469387755102
28.178571428571427
12.698979591836734
2.7857142857142856
9.933673469387756
31.714285714285715
21.193877551020407
1.780612244897959
91.79081632653062
38.15816326530612
62.505102040816325
7.423469387755102
14.938775510204081
97.58163265306122
40.1530612244898
3.3469387755102042
17.18877551020408
44.36224489795919
22.913265306122447
11.974489795918368
56.22959183673469
19.198979591836736
6.744897959183674
40.06122448979592
36.433673469387756
9.35204081632653
3.5
23.020408163265305
9.479591836734693
25.005102040816325
7.36734693877551
4.025510204081633
7.938775510204081
51.795918367346935
27.627551020408163
1.7908163265306123
21.051020408163264
41.974489795918366
48.16836734693877
0.3163265306122449
7.321428571428571
29.56122448979592
14.10204081632653
1.5561224489795917
6.678571428571429
6.5561224489795915
4.979591836734694
4.642857142857143
41.54081632653061
5.668367346938775
1.4438775510204083
33.285714285714285
52.66326530612245
8.362244897959183
2.107142857142857
48.142857142857146
12.73469387755102
14.040816326530612
3.326530612244898
14.683673469387756
2.1020408163265305
18.433673469387756
6.454081632653061
2.0408163265306123
0.7295918367346939
9.698979591836734
5.3061224489795915
0.19387755102040816
3.7142857142857144
3.443877551020408
2.627551020408163
0.21428571428571427
1.6479591836734695
0.12755102040816327
0.4387755102040816
0.6530612244897959
24.23469387755102
2.8316326530612246
0.5204081632653061
15.229591836734693
71.56632653061224
17.908163265306122
2.4081632653061225
58.34183673469388
53.214285714285715
25.209183673469386
2.88265306122449
49.8469387755102
10.081632653061224
10.918367346938776
0.9540816326530612
10.78061224489796
1.8112244897959184
4.331632653061225
0.24489795918367346
2.1020408163265305