98.39795918367346
34.91836734693877
5.035714285714286
8.974489795918368
16.45408163265306
11.443877551020408
3.479591836734694
2.0510204081632653
18.68877551020408
74.71938775510205
15.88265306122449
4.566326530612245
21.040816326530614
142.21428571428572
21.43877551020408
9.39795918367347
36.18877551020408
153.6173469387755
20.244897959183675
13.040816326530612
35.57142857142857
123.93877551020408
13.311224489795919
10.260204081632653
26.974489795918366
60.85204081632653
5.270408163265306
4.362244897959184
150.52551020408163
19.56122448979592
8.107142857142858
7.326530612244898
17.653061224489797
5.790816326530612
1.8265306122448979
1.5051020408163265
5.801020408163265
27.9234693877551
6.23469387755102
1.663265306122449
22.821428571428573
44.39795918367347
10.877551020408163
4.821428571428571
59.357142857142854
40.03061224489796
11.841836734693878
12.892857142857142
32.0
47.566326530612244
9.127551020408163
8.918367346938776
14.494897959183673
53.04081632653061
8.744897959183673
3.260204081632653
180.27551020408163
9.081632653061224
7.1020408163265305
4.571428571428571
21.071428571428573
7.826530612244898
2.107142857142857
1.9234693877551021
9.183673469387756
52.704081632653065
9.0
4.010204081632653
15.26530612244898
87.12755102040816
16.852040816326532
5.877551020408164
47.84183673469388
51.892857142857146
14.994897959183673
12.474489795918368
39.65816326530612
56.12755102040816
14.255102040816327
7.785714285714286
18.928571428571427
70.78571428571429
12.83673469387755
2.8877551020408165
182.89795918367346
7.091836734693878
5.020408163265306
5.255102040816326
21.239795918367346
6.01530612244898
2.2551020408163267
1.7448979591836735
4.6938775510204085
35.59183673469388
7.637755102040816
2.372448979591837
12.739795918367347
54.60204081632653
9.892857142857142
4.724489795918367
69.07142857142857
31.806122448979593
8.08673469387755
11.739795918367347
62.48979591836735
19.571428571428573
5.76530612244898
8.224489795918368
13.933673469387756
20.336734693877553
3.142857142857143
2.423469387755102
177.42857142857142
7.76530612244898
3.4948979591836733
9.566326530612244
28.091836734693878
2.6581632653061225
3.6479591836734695
2.183673469387755
17.26530612244898
29.020408163265305
19.48469387755102
1.3928571428571428
13.877551020408163
73.26530612244898
18.79591836734694
5.8061224489795915
45.8469387755102
50.025510204081634
10.11734693877551
12.948979591836734
48.673469387755105
32.47959183673469
4.112244897959184
18.43877551020408
20.066326530612244
44.23979591836735
1.469387755102041
18.010204081632654
157.73469387755102
11.811224489795919
3.183673469387755
15.158163265306122
42.933673469387756
2.4744897959183674
4.183673469387755
5.418367346938775
62.36224489795919
19.306122448979593
20.346938775510203
12.994897959183673
34.13265306122449
55.30612244897959
19.153061224489797
12.948979591836734
48.30612244897959
43.775510204081634
11.35204081632653
11.801020408163266
40.423469387755105
39.78061224489796
8.60204081632653
16.683673469387756
36.25
79.62755102040816
3.326530612244898
38.755102040816325
128.00510204081633
35.173469387755105
5.3979591836734695
19.709183673469386
43.43877551020408
7.270408163265306
2.3622448979591835
8.795918367346939
57.88265306122449
32.224489795918366
3.3418367346938775
41.37755102040816
41.11224489795919
114.86734693877551
14.224489795918368
43.173469387755105
53.83673469387755
103.60714285714286
35.433673469387756
8.846938775510203
51.357142857142854
47.11224489795919
19.571428571428573
6.030612244897959
45.03061224489796
64.21428571428571
4.729591836734694
22.137755102040817