12.443877551020408
38.48979591836735
4.836734693877551
1.9846938775510203
70.91326530612245
34.285714285714285
16.79591836734694
4.321428571428571
91.35204081632654
48.13775510204081
25.316326530612244
6.0
34.224489795918366
43.65816326530612
15.60204081632653
3.4846938775510203
15.341836734693878
24.693877551020407
5.0
4.045918367346939
8.612244897959183
26.647959183673468
1.5816326530612246
7.127551020408164
7.729591836734694
29.857142857142858
1.433673469387755
7.63265306122449
23.73469387755102
115.14285714285714
13.571428571428571
6.73469387755102
45.56122448979592
58.673469387755105
28.25
6.260204081632653
35.525510204081634
56.09183673469388
28.316326530612244
5.392857142857143
10.520408163265307
49.16836734693877
13.418367346938776
2.239795918367347
10.127551020408163
31.535714285714285
5.469387755102041
3.683673469387755
8.183673469387756
43.724489795918366
2.7908163265306123
10.607142857142858
10.096938775510203
60.535714285714285
2.239795918367347
16.0765306122449
40.58163265306123
68.04591836734694
18.255102040816325
4.178571428571429
68.49489795918367
28.290816326530614
31.658163265306122
3.423469387755102
28.137755102040817
16.0
16.357142857142858
1.1887755102040816
5.362244897959184
13.801020408163266
3.11734693877551
1.260204081632653
26.489795918367346
30.9234693877551
4.448979591836735
7.760204081632653
27.051020408163264
54.566326530612244
4.836734693877551
13.525510204081632
14.954081632653061
76.94897959183673
3.8316326530612246
17.6734693877551
51.82142857142857
28.801020408163264
20.566326530612244
1.4846938775510203
60.86224489795919
9.525510204081632
23.45408163265306
0.9030612244897959
17.571428571428573
3.770408163265306
6.357142857142857
0.23979591836734693
7.209183673469388
10.255102040816327
2.2142857142857144
1.8010204081632653
58.3469387755102
18.70408163265306
5.51530612244898
10.464285714285714
62.51020408163265
19.81122448979592
4.872448979591836
10.775510204081632
16.78061224489796
24.617346938775512
1.7755102040816326
6.285714285714286
36.38775510204081
28.275510204081634
12.418367346938776
1.5408163265306123
34.55612244897959
11.326530612244898
11.688775510204081
1.4183673469387754
18.948979591836736
23.142857142857142
15.653061224489797
0.7857142857142857
12.459183673469388
62.79081632653061
17.53061224489796
4.790816326530612
48.816326530612244
53.88775510204081
12.372448979591837
15.005102040816327
57.673469387755105
32.11224489795919
6.3520408163265305
19.290816326530614
19.290816326530614
36.785714285714285
1.5510204081632653
15.311224489795919
13.877551020408163
12.229591836734693
2.9948979591836733
0.7857142857142857
25.137755102040817
6.260204081632653
5.688775510204081
2.6683673469387754
56.94387755102041
18.739795918367346
19.0
7.908163265306122
41.326530612244895
52.23979591836735
23.020408163265305
8.801020408163266
51.68877551020408
47.47959183673469
15.954081632653061
12.948979591836734
47.91326530612245
42.66326530612245
10.806122448979592
20.586734693877553
34.80612244897959
76.18877551020408
3.7857142857142856
35.015306122448976
5.98469387755102
4.255102040816326
0.7448979591836735
0.75
18.928571428571427
4.989795918367347
1.4795918367346939
6.653061224489796
62.816326530612244
31.948979591836736
4.872448979591836
38.63775510204081
60.91326530612245
106.70918367346938
20.112244897959183
45.01020408163265
66.08163265306122
98.47448979591837
47.755102040816325
11.88265306122449
60.39795918367347
40.21938775510204
27.892857142857142
8.826530612244898
38.107142857142854
54.857142857142854
5.566326530612245
20.489795918367346