1.066326530612245
1.0816326530612246
0.12244897959183673
0.1377551020408163
15.60204081632653
6.678571428571429
0.37244897959183676
2.193877551020408
79.5
26.68877551020408
3.3979591836734695
11.698979591836734
105.91326530612245
44.204081632653065
8.903061224489797
14.908163265306122
32.75
47.48979591836735
6.658163265306122
5.683673469387755
3.260204081632653
45.35204081632653
4.8061224489795915
1.989795918367347
8.290816326530612
48.9030612244898
5.153061224489796
2.795918367346939
0.30612244897959184
1.239795918367347
0.12244897959183673
0.015306122448979591
5.377551020408164
2.607142857142857
0.1989795918367347
0.8571428571428571
47.12755102040816
10.551020408163266
1.969387755102041
7.362244897959184
71.68367346938776
37.4030612244898
7.8061224489795915
13.58673469387755
23.908163265306122
90.26020408163265
11.214285714285714
6.801020408163265
2.5051020408163267
102.7295918367347
10.331632653061224
3.7193877551020407
13.326530612244898
103.37755102040816
10.66326530612245
5.418367346938775
0.09183673469387756
1.4642857142857142
0.1989795918367347
0.02040816326530612
2.1377551020408165
2.9030612244897958
0.11224489795918367
0.3673469387755102
34.295918367346935
8.010204081632653
0.8112244897959183
4.9438775510204085
83.8265306122449
20.857142857142858
4.770408163265306
14.005102040816327
43.61734693877551
38.295918367346935
5.760204081632653
7.673469387755102
3.933673469387755
38.494897959183675
3.3418367346938775
1.5561224489795917
3.3418367346938775
37.85204081632653
3.454081632653061
1.6071428571428572
6.418367346938775
36.224489795918366
9.158163265306122
0.44387755102040816
1.0255102040816326
52.66836734693877
6.653061224489796
1.683673469387755
20.632653061224488
54.525510204081634
4.6479591836734695
5.469387755102041
70.12244897959184
31.581632653061224
5.188775510204081
13.994897959183673
53.545918367346935
21.48469387755102
1.846938775510204
14.214285714285714
8.58673469387755
14.096938775510203
0.21428571428571427
5.112244897959184
0.7346938775510204
6.561224489795919
0.05102040816326531
1.683673469387755
60.18877551020408
80.52551020408163
27.994897959183675
4.301020408163265
9.545918367346939
94.33673469387755
16.867346938775512
3.739795918367347
12.551020408163266
94.03571428571429
6.688775510204081
9.887755102040817
42.275510204081634
49.44897959183673
6.846938775510204
15.459183673469388
38.63775510204081
44.66326530612245
4.566326530612245
20.010204081632654
11.775510204081632
53.173469387755105
1.086734693877551
23.433673469387756
9.535714285714286
42.505102040816325
0.4744897959183674
18.321428571428573
112.93367346938776
55.63265306122449
13.48469387755102
20.846938775510203
23.617346938775512
36.90816326530612
6.928571428571429
10.729591836734693
19.862244897959183
33.755102040816325
5.183673469387755
5.994897959183674
59.76020408163265
23.678571428571427
11.341836734693878
7.127551020408164
47.05612244897959
30.739795918367346
8.362244897959183
10.48469387755102
16.586734693877553
49.1530612244898
1.816326530612245
24.239795918367346
33.83163265306123
66.4438775510204
1.530612244897959
33.63265306122449
78.04591836734694
74.01530612244898
1.336734693877551
44.0
28.255102040816325
131.5204081632653
3.127551020408163
40.35204081632653
23.637755102040817
152.00510204081633
21.112244897959183
14.071428571428571
58.69387755102041
88.43367346938776
36.576530612244895
3.183673469387755
49.316326530612244
32.94387755102041
17.346938775510203
3.188775510204082
16.81122448979592
21.994897959183675
2.1377551020408165
9.229591836734693
37.066326530612244
49.454081632653065
1.7346938775510203
18.887755102040817