3.5714285714285716
25.321428571428573
1.7142857142857142
0.576530612244898
23.53061224489796
23.448979591836736
6.198979591836735
1.586734693877551
102.41326530612245
36.62244897959184
19.586734693877553
7.928571428571429
82.3061224489796
47.566326530612244
21.581632653061224
7.933673469387755
22.566326530612244
34.62244897959184
11.801020408163266
2.704081632653061
6.790816326530612
13.081632653061224
3.11734693877551
1.1938775510204083
1.3775510204081634
4.030612244897959
0.8061224489795918
0.5204081632653061
12.035714285714286
106.28061224489795
6.923469387755102
3.688775510204082
18.959183673469386
72.63775510204081
13.168367346938776
3.510204081632653
50.66836734693877
44.795918367346935
25.382653061224488
5.714285714285714
32.392857142857146
60.71938775510204
24.346938775510203
4.214285714285714
10.448979591836734
52.433673469387756
15.826530612244898
1.933673469387755
5.566326530612245
23.872448979591837
6.801020408163265
1.6071428571428572
3.7857142857142856
14.362244897959183
2.7448979591836733
1.3418367346938775
14.178571428571429
92.69897959183673
7.051020408163265
3.877551020408163
39.18877551020408
57.234693877551024
13.658163265306122
3.857142857142857
68.97448979591837
28.1734693877551
22.4234693877551
3.938775510204082
24.556122448979593
30.505102040816325
15.989795918367347
1.153061224489796
5.816326530612245
47.775510204081634
14.454081632653061
1.1683673469387754
3.336734693877551
57.8469387755102
13.795918367346939
2.061224489795918
9.581632653061224
49.58673469387755
7.091836734693878
4.454081632653061
13.561224489795919
16.862244897959183
2.9183673469387754
0.6479591836734694
62.15816326530612
14.403061224489797
14.081632653061224
1.1122448979591837
81.43367346938776
6.540816326530612
18.096938775510203
1.0510204081632653
24.443877551020407
16.51530612244898
9.08673469387755
1.0153061224489797
8.229591836734693
60.566326530612244
16.755102040816325
3.163265306122449
3.316326530612245
81.33673469387755
14.306122448979592
4.73469387755102
10.637755102040817
63.56122448979592
6.760204081632653
6.663265306122449
28.198979591836736
10.260204081632653
5.489795918367347
0.08163265306122448
71.95918367346938
11.78061224489796
16.642857142857142
0.49489795918367346
65.88775510204081
4.862244897959184
13.714285714285714
0.6683673469387755
14.071428571428571
10.954081632653061
4.627551020408164
1.6428571428571428
6.224489795918367
28.51530612244898
5.831632653061225
4.857142857142857
2.479591836734694
31.918367346938776
3.8418367346938775
4.954081632653061
3.7244897959183674
30.928571428571427
2.9591836734693877
3.357142857142857
50.34183673469388
20.647959183673468
9.306122448979592
0.29591836734693877
71.0204081632653
10.683673469387756
13.091836734693878
1.0510204081632653
49.98979591836735
3.576530612244898
7.0561224489795915
1.6326530612244898
13.66326530612245
7.979591836734694
1.9846938775510203
5.219387755102041
14.948979591836734
32.37755102040816
1.989795918367347
20.010204081632654
6.520408163265306
47.67857142857143
2.4642857142857144
18.418367346938776
9.525510204081632
64.13775510204081
7.066326530612245
9.311224489795919
85.36734693877551
65.2704081632653
10.301020408163266
3.489795918367347
82.27551020408163
32.07142857142857
9.561224489795919
3.357142857142857
52.3469387755102
12.75
4.974489795918367
3.4081632653061225
15.683673469387756
7.8520408163265305
1.2959183673469388
5.923469387755102
15.311224489795919
38.86734693877551
0.7040816326530612
24.760204081632654
10.775510204081632
92.11224489795919
2.7091836734693877
31.096938775510203
38.37755102040816
159.46428571428572
14.505102040816327
22.387755102040817