5.11734693877551
53.06122448979592
3.86734693877551
1.3520408163265305
23.316326530612244
44.275510204081634
9.591836734693878
1.7346938775510203
81.54591836734694
56.36224489795919
18.56122448979592
9.244897959183673
66.20408163265306
76.72448979591837
19.693877551020407
11.489795918367347
24.040816326530614
69.48469387755102
14.98469387755102
5.316326530612245
9.64795918367347
31.392857142857142
5.826530612244898
2.183673469387755
2.913265306122449
7.668367346938775
0.8724489795918368
0.7193877551020408
15.28061224489796
141.01530612244898
11.433673469387756
4.25
21.658163265306122
89.96428571428571
16.979591836734695
4.3061224489795915
42.03061224489796
50.82142857142857
25.459183673469386
5.51530612244898
23.26530612244898
61.1530612244898
21.479591836734695
3.5714285714285716
6.61734693877551
61.88265306122449
13.0
2.489795918367347
6.071428571428571
34.10204081632653
7.36734693877551
1.7551020408163265
4.596938775510204
14.454081632653061
3.188775510204082
1.0765306122448979
14.096938775510203
66.66326530612245
7.331632653061225
2.0714285714285716
39.22959183673469
47.41836734693877
14.596938775510203
5.387755102040816
57.33163265306123
50.0
20.724489795918366
11.525510204081632
18.21938775510204
49.035714285714285
12.790816326530612
8.096938775510203
6.142857142857143
39.54081632653061
17.346938775510203
3.877551020408163
8.744897959183673
43.54081632653061
26.010204081632654
2.010204081632653
10.688775510204081
38.224489795918366
14.566326530612244
2.1530612244897958
9.989795918367347
13.489795918367347
2.438775510204082
0.826530612244898
25.23469387755102
31.520408163265305
9.510204081632653
5.336734693877551
30.75
63.515306122448976
17.612244897959183
14.53061224489796
21.724489795918366
75.66836734693878
19.852040816326532
15.806122448979592
23.520408163265305
58.6530612244898
29.882653061224488
10.38265306122449
20.229591836734695
47.88775510204081
31.964285714285715
5.622448979591836
8.596938775510203
33.59183673469388
13.709183673469388
1.6224489795918366
4.86734693877551
10.61734693877551
3.6377551020408165
0.5714285714285714
12.14795918367347
26.0765306122449
16.596938775510203
1.566326530612245
20.836734693877553
44.11734693877551
40.607142857142854
3.693877551020408
25.464285714285715
52.515306122448976
38.58163265306123
6.938775510204081
40.79081632653061
42.96938775510204
18.25
15.387755102040817
30.43877551020408
24.9234693877551
8.392857142857142
12.938775510204081
6.801020408163265
11.729591836734693
3.4285714285714284
2.877551020408163
19.18877551020408
15.943877551020408
7.0
1.7244897959183674
33.40816326530612
23.551020408163264
23.1734693877551
3.173469387755102
34.82142857142857
27.20408163265306
35.33673469387755
3.760204081632653
20.331632653061224
23.433673469387756
20.739795918367346
3.443877551020408
23.801020408163264
25.306122448979593
7.474489795918367
7.26530612244898
18.0765306122449
23.209183673469386
4.653061224489796
6.816326530612245
9.41326530612245
30.158163265306122
6.637755102040816
3.566326530612245
26.520408163265305
25.739795918367346
2.326530612244898
8.91326530612245
40.994897959183675
57.89795918367347
5.8520408163265305
28.112244897959183
32.10204081632653
124.15306122448979
6.377551020408164
37.01020408163265
11.183673469387756
177.9030612244898
5.821428571428571
20.918367346938776
3.545918367346939
193.08163265306123
11.270408163265307
7.36734693877551
3.9846938775510203
183.67857142857142
20.632653061224488
2.816326530612245
32.857142857142854
217.8673469387755
36.46938775510204
6.846938775510204