3.627551020408163
22.668367346938776
0.6173469387755102
1.3724489795918366
11.96938775510204
31.928571428571427
1.913265306122449
2.8622448979591835
69.49489795918367
46.27040816326531
7.096938775510204
7.831632653061225
96.58673469387755
48.0969387755102
11.204081632653061
11.26530612244898
42.015306122448976
30.709183673469386
6.668367346938775
5.4438775510204085
10.392857142857142
13.040816326530612
2.295918367346939
1.5459183673469388
2.739795918367347
4.908163265306122
0.6530612244897959
0.3010204081632653
11.770408163265307
86.24489795918367
5.0
3.9846938775510203
8.540816326530612
92.35714285714286
5.954081632653061
5.678571428571429
33.775510204081634
66.92857142857143
11.46938775510204
8.0
42.81122448979592
54.27040816326531
14.127551020408163
9.709183673469388
20.31122448979592
68.0
8.872448979591837
8.571428571428571
8.418367346938776
40.295918367346935
3.1479591836734695
4.464285714285714
4.066326530612245
14.658163265306122
0.8061224489795918
1.510204081632653
9.107142857142858
72.0204081632653
4.071428571428571
2.943877551020408
13.688775510204081
58.05102040816327
4.8061224489795915
3.61734693877551
59.20918367346939
38.576530612244895
9.91326530612245
6.158163265306122
56.38775510204081
37.494897959183675
13.591836734693878
4.688775510204081
13.622448979591837
47.744897959183675
6.785714285714286
3.7346938775510203
5.683673469387755
31.377551020408163
2.306122448979592
3.0510204081632653
8.58673469387755
17.989795918367346
1.4795918367346939
2.9948979591836733
11.928571428571429
99.84183673469387
3.5153061224489797
5.357142857142857
16.392857142857142
72.6938775510204
7.464285714285714
4.795918367346939
53.03061224489796
38.94897959183673
14.607142857142858
5.321428571428571
43.67857142857143
55.19387755102041
12.39795918367347
7.321428571428571
10.198979591836734
69.71428571428571
8.362244897959183
3.2551020408163267
5.964285714285714
43.68877551020408
4.530612244897959
2.0408163265306123
24.95408163265306
29.158163265306122
3.0969387755102042
4.780612244897959
13.948979591836734
100.1938775510204
3.7857142857142856
5.581632653061225
26.377551020408163
78.26530612244898
6.510204081632653
6.785714285714286
55.37755102040816
40.41836734693877
11.290816326530612
8.21938775510204
35.62244897959184
51.10204081632653
12.35204081632653
4.8520408163265305
5.790816326530612
59.29081632653061
6.63265306122449
2.2653061224489797
6.377551020408164
36.31122448979592
5.051020408163265
1.2295918367346939
57.173469387755105
36.295918367346935
12.831632653061224
5.535714285714286
6.785714285714286
12.178571428571429
0.4744897959183674
0.7857142857142857
36.433673469387756
13.948979591836734
1.4795918367346939
3.3316326530612246
76.79591836734694
15.392857142857142
2.8469387755102042
11.035714285714286
50.892857142857146
12.821428571428571
2.4183673469387754
10.122448979591837
6.255102040816326
10.46938775510204
4.25
1.8724489795918366
8.86734693877551
17.071428571428573
15.454081632653061
0.11734693877551021
70.96938775510205
46.86734693877551
38.576530612244895
2.9030612244897958
4.561224489795919
2.6479591836734695
0.05102040816326531
0.39285714285714285
25.035714285714285
13.88265306122449
0.2653061224489796
5.428571428571429
52.84183673469388
49.173469387755105
0.6428571428571429
27.647959183673468
41.73979591836735
113.81122448979592
4.892857142857143
43.75
10.785714285714286
154.1530612244898
25.178571428571427
19.107142857142858
14.928571428571429
121.95918367346938
53.34183673469388
2.38265306122449
43.857142857142854
89.34693877551021
57.826530612244895
1.153061224489796