19.928571428571427
64.46938775510205
8.11734693877551
4.301020408163265
21.520408163265305
115.04081632653062
15.974489795918368
7.301020408163265
52.83163265306123
120.09693877551021
16.403061224489797
17.5765306122449
82.71428571428571
50.65816326530612
12.091836734693878
15.372448979591837
43.566326530612244
10.275510204081632
4.061224489795919
5.586734693877551
38.17857142857143
13.566326530612244
0.9744897959183674
6.98469387755102
19.4234693877551
8.112244897959183
1.0
2.872448979591837
4.923469387755102
17.836734693877553
3.8520408163265305
0.8163265306122449
6.9438775510204085
16.877551020408163
3.683673469387755
1.260204081632653
66.11224489795919
11.372448979591837
9.428571428571429
5.066326530612245
89.31122448979592
5.530612244897959
15.173469387755102
3.9744897959183674
34.47959183673469
5.826530612244898
4.795918367346939
2.86734693877551
71.02551020408163
11.994897959183673
4.821428571428571
8.698979591836734
44.88775510204081
17.586734693877553
4.107142857142857
6.040816326530612
1.4642857142857142
9.153061224489797
4.459183673469388
0.08673469387755102
6.474489795918367
22.653061224489797
9.63265306122449
0.5459183673469388
58.03061224489796
27.602040816326532
22.872448979591837
3.8622448979591835
59.62755102040816
45.64795918367347
19.882653061224488
8.107142857142858
23.040816326530614
65.09693877551021
10.581632653061224
6.209183673469388
66.86224489795919
36.295918367346935
13.423469387755102
9.459183673469388
54.44387755102041
58.63775510204081
9.989795918367347
13.39795918367347
19.26530612244898
34.535714285714285
32.61734693877551
0.6326530612244898
14.392857142857142
61.4030612244898
36.90816326530612
2.204081632653061
44.87755102040816
47.41326530612245
33.173469387755105
6.913265306122449
30.239795918367346
62.23979591836735
22.525510204081634
7.433673469387755
22.964285714285715
77.87755102040816
9.403061224489797
9.622448979591837
61.005102040816325
42.36734693877551
13.520408163265307
11.739795918367347
51.67857142857143
80.6734693877551
11.204081632653061
18.48469387755102
81.25
43.204081632653065
53.214285714285715
5.709183673469388
35.71938775510204
36.244897959183675
38.91326530612245
3.4693877551020407
76.09693877551021
17.93877551020408
33.34183673469388
3.3469387755102042
33.44387755102041
12.10204081632653
11.826530612244898
1.4744897959183674
41.744897959183675
13.71938775510204
8.841836734693878
2.806122448979592
87.84183673469387
14.811224489795919
18.198979591836736
4.505102040816326
45.56122448979592
39.974489795918366
7.586734693877551
12.693877551020408
113.8061224489796
43.29081632653061
24.591836734693878
23.433673469387756
42.5969387755102
27.540816326530614
34.09183673469388
4.821428571428571
60.47959183673469
7.653061224489796
30.9234693877551
0.5255102040816326
22.3265306122449
0.9285714285714286
6.862244897959184
0.05612244897959184
56.86734693877551
1.969387755102041
18.98469387755102
0.29081632653061223
80.98979591836735
5.224489795918367
23.102040816326532
1.0714285714285714
27.653061224489797
10.244897959183673
4.255102040816326
4.183673469387755
75.58163265306122
79.33673469387755
9.301020408163266
40.045918367346935
32.607142857142854
66.88775510204081
33.816326530612244
8.994897959183673
32.94897959183673
15.178571428571429
24.010204081632654
0.3520408163265306
28.270408163265305
7.872448979591836
12.551020408163266
0.3163265306122449
85.87755102040816
18.168367346938776
37.41836734693877
1.096938775510204
65.16836734693878
11.576530612244898
23.556122448979593
1.0459183673469388
12.627551020408163
3.510204081632653
2.1785714285714284
0.3877551020408163