1.3877551020408163
3.6530612244897958
0.2602040816326531
0.33163265306122447
23.821428571428573
10.561224489795919
0.8928571428571429
3.0306122448979593
112.72448979591837
27.760204081632654
4.658163265306122
13.908163265306122
106.90816326530613
17.005102040816325
4.826530612244898
12.209183673469388
15.270408163265307
6.188775510204081
3.372448979591837
1.4846938775510203
2.688775510204082
12.816326530612244
2.6581632653061225
2.0918367346938775
2.933673469387755
7.974489795918367
0.2755102040816326
3.316326530612245
6.285714285714286
32.54081632653061
6.408163265306122
1.1938775510204083
13.831632653061224
34.63775510204081
8.433673469387756
2.1989795918367347
74.36224489795919
21.357142857142858
8.816326530612244
5.6479591836734695
81.85204081632654
8.795918367346939
11.551020408163266
5.698979591836735
17.760204081632654
28.413265306122447
26.617346938775512
1.239795918367347
5.36734693877551
60.02040816326531
17.663265306122447
12.60204081632653
19.066326530612244
37.5969387755102
1.4438775510204083
31.974489795918366
25.81122448979592
92.37244897959184
21.852040816326532
4.280612244897959
27.647959183673468
61.21938775510204
19.21938775510204
5.98469387755102
62.204081632653065
29.102040816326532
14.724489795918368
7.040816326530612
65.64795918367346
22.040816326530614
34.77040816326531
6.887755102040816
20.846938775510203
44.62755102040816
54.87244897959184
1.663265306122449
5.846938775510204
56.642857142857146
17.596938775510203
13.801020408163266
85.34183673469387
42.51020408163265
3.4183673469387754
61.892857142857146
35.775510204081634
55.494897959183675
18.112244897959183
3.75
48.80612244897959
32.87755102040816
21.693877551020407
5.316326530612245
50.392857142857146
25.903061224489797
22.127551020408163
6.372448979591836
54.19897959183673
19.714285714285715
38.29081632653061
5.030612244897959
16.683673469387756
14.693877551020408
24.535714285714285
0.8724489795918368
3.2653061224489797
10.301020408163266
4.341836734693878
3.2551020408163267
159.50510204081633
13.341836734693878
12.08673469387755
30.68877551020408
45.357142857142854
21.443877551020407
20.010204081632654
1.5153061224489797
42.78061224489796
26.117346938775512
27.612244897959183
2.7448979591836733
52.16836734693877
26.525510204081634
22.214285714285715
6.071428571428571
71.41326530612245
7.321428571428571
12.581632653061224
4.540816326530612
16.260204081632654
1.1785714285714286
3.438775510204082
0.5816326530612245
7.454081632653061
1.0510204081632653
6.316326530612245
0.12755102040816327
150.41836734693877
7.821428571428571
45.14795918367347
4.357142857142857
59.795918367346935
36.31122448979592
27.770408163265305
2.142857142857143
38.326530612244895
25.163265306122447
26.290816326530614
1.6377551020408163
72.37755102040816
14.525510204081632
11.739795918367347
5.581632653061225
87.11224489795919
2.520408163265306
3.5357142857142856
4.872448979591836
19.346938775510203
1.0204081632653061
2.076530612244898
0.9132653061224489
22.163265306122447
6.11734693877551
25.678571428571427
0.24489795918367346
88.21428571428571
14.693877551020408
68.26020408163265
0.4642857142857143
52.20918367346939
54.32142857142857
17.806122448979593
5.163265306122449
32.58163265306123
20.051020408163264
11.326530612244898
2.8877551020408165
89.2704081632653
22.46938775510204
6.591836734693878
9.688775510204081
106.09693877551021
21.535714285714285
5.719387755102041
8.58673469387755
34.46938775510204
8.918367346938776
9.857142857142858
1.9489795918367347
45.83673469387755
22.341836734693878
47.142857142857146
1.739795918367347
44.37244897959184
18.081632653061224
46.37244897959184
0.41836734693877553