22.25
12.795918367346939
1.7653061224489797
1.9642857142857142
3.0408163265306123
1.4183673469387754
0.1326530612244898
0.46938775510204084
9.21938775510204
2.8010204081632653
0.5867346938775511
1.219387755102041
95.0765306122449
21.387755102040817
2.5816326530612246
19.413265306122447
105.39795918367346
32.214285714285715
1.9744897959183674
23.0765306122449
22.948979591836736
23.505102040816325
1.3622448979591837
4.622448979591836
13.688775510204081
35.30102040816327
3.3010204081632653
1.6377551020408163
79.99489795918367
26.739795918367346
4.8061224489795915
6.459183673469388
10.408163265306122
6.6020408163265305
2.0816326530612246
1.2142857142857142
4.209183673469388
22.908163265306122
7.142857142857143
0.5357142857142857
42.33163265306123
34.41836734693877
12.071428571428571
6.260204081632653
64.35714285714286
34.12755102040816
7.959183673469388
13.270408163265307
21.244897959183675
60.87755102040816
6.892857142857143
5.719387755102041
24.433673469387756
108.51020408163265
10.33673469387755
4.321428571428571
153.74489795918367
21.23469387755102
7.505102040816326
7.045918367346939
22.23469387755102
17.943877551020407
5.887755102040816
2.2193877551020407
8.551020408163266
70.72448979591837
18.95408163265306
1.9540816326530612
22.964285714285715
78.11224489795919
19.403061224489797
6.26530612244898
52.58163265306123
41.69387755102041
10.51530612244898
11.770408163265307
32.86224489795919
62.76020408163265
9.091836734693878
4.857142857142857
26.20408163265306
104.80102040816327
10.045918367346939
2.9591836734693877
178.10204081632654
12.372448979591837
6.88265306122449
6.346938775510204
20.775510204081634
12.403061224489797
4.3061224489795915
1.8928571428571428
3.9846938775510203
30.316326530612244
7.688775510204081
1.153061224489796
26.132653061224488
26.01530612244898
5.025510204081633
3.63265306122449
83.03061224489795
14.841836734693878
4.096938775510204
8.438775510204081
57.20918367346939
15.377551020408163
3.2908163265306123
3.3979591836734695
19.974489795918366
18.142857142857142
1.6377551020408163
0.7142857142857143
164.8112244897959
18.163265306122447
5.183673469387755
13.168367346938776
18.729591836734695
2.566326530612245
1.3979591836734695
2.6020408163265305
1.0612244897959184
0.5561224489795918
0.2653061224489796
0.08673469387755102
28.683673469387756
0.7806122448979592
2.392857142857143
0.47959183673469385
90.62244897959184
5.071428571428571
6.76530612244898
2.295918367346939
60.39795918367347
8.28061224489796
3.7806122448979593
1.8979591836734695
19.147959183673468
3.5816326530612246
0.8673469387755102
0.29081632653061223
109.86734693877551
28.556122448979593
4.357142857142857
19.158163265306122
16.908163265306122
5.168367346938775
1.6683673469387754
3.5510204081632653
1.6122448979591837
0.4489795918367347
0.75
0.11734693877551021
34.734693877551024
1.7959183673469388
9.556122448979592
0.09693877551020408
83.28571428571429
9.306122448979592
17.525510204081634
0.5255102040816326
47.38265306122449
10.35204081632653
6.26530612244898
0.47959183673469385
13.438775510204081
4.112244897959184
1.096938775510204
0.0663265306122449
33.66836734693877
20.168367346938776
1.9285714285714286
9.040816326530612
8.448979591836734
4.857142857142857
0.8520408163265306
2.0153061224489797
10.668367346938776
6.887755102040816
8.260204081632653
0.5816326530612245
66.25510204081633
27.147959183673468
43.63265306122449
1.3418367346938775
82.23469387755102
33.066326530612244
40.26020408163265
1.010204081632653
29.464285714285715
15.13265306122449
8.137755102040817
0.29591836734693877
6.760204081632653
4.035714285714286
0.9897959183673469
0.05102040816326531