0.410000
0.305721
0.085336
-0.070271
-0.072194
0.010000
0.052946
0.018206
-0.030983
-0.029645
0.010000
0.029507
0.006756
-0.021673
-0.017121
0.010000
0.020390
0.001849
-0.017352
-0.010904
0.010000
0.015351
-0.000985
-0.014757
-0.007038
0.010000
0.012021
-0.002908
-0.012953
-0.004287
0.010000
0.009554
-0.004360
-0.011566
-0.002138
0.010000
0.007566
-0.005547
-0.010417
-0.000334
0.010000
0.005853
-0.006581
-0.009404
0.001276
0.010000
0.004292
-0.007535
-0.008460
0.002791
0.010000
0.002791
-0.008460
-0.007535
0.004292
0.010000
0.001276
-0.009404
-0.006581
0.005853
0.010000
-0.000334
-0.010417
-0.005547
0.007566
0.010000
-0.002138
-0.011566
-0.004360
0.009554
0.010000
-0.004287
-0.012953
-0.002908
0.012021
0.010000
-0.007038
-0.014757
-0.000985
0.015351
0.010000
-0.010904
-0.017352
0.001849
0.020390
0.010000
-0.017121
-0.021673
0.006756
0.029507
0.010000
-0.029645
-0.030983
0.018206
0.052946
0.010000
-0.072194
-0.070271
0.085336
0.305721
