0
-8860
-12469
-7506
6152
25241
44097
56474
57618
45897
23442
-4419
-30757
-49150
-55631
-49829
-34950
-16608
-911
7567
7254
0
-9678
-16264
-15257
-4851
13291
34447
52299
60967
56960
40382
14996
-12883
-36314
-49844
-51133
-41552
-25588
-9248
1992
5004
0
-9637
-18614
-21652
-15423
159
21737
43477
58899
62961
53733
33079
6135
-20251
-39629
-47894
-44463
-32295
-16763
-3760
2309
0
-8739
-19309
-26123
-24625
-12987
7095
30793
51597
63368
62310
48222
24608
-2390
-25893
-40399
-43423
-36133
-22788
-9178
-591
0
-7065
-18289
-28273
-31638
-24979
-8178
15372
39711
58145
65351
59081
40895
15684
-9856
-29314
-38524
-36760
-26789
-13780
-3439
0
-4763
-15644
-27911
-35840
-34752
-22723
-1415
24296
47755
62585
64691
53548
32365
7057
-15625
-30203
-34120
-28409
-17158
-5981
0
-2038
-11609
-25068
-36858
-41436
-35250
-18076
6723
33122
54258
64552
61443
46170
23343
-548
-19198
-28449
-27505
-19012
-7991
0
869
-6542
-19999
-34601
-44439
-44645
-33131
-11448
15545
41110
58677
63878
55872
37555
14579
-6487
-20250
-24157
-19176
-9292
0
3698
-894
-13152
-29269
-43493
-50072
-45242
-28602
-3412
24309
47589
60638
60610
48429
28409
6801
-10252
-18663
-17636
-9767
0
6198
4833
-5137
-21336
-38683
-51051
-53333
-43214
-22066
5348
32272
52010
59962
55001
39716
19484
657
-11510
-14529
-9374
0
8148
10131
3335
-11508
-30435
-47493
-56685
-53987
-38760
-14088
14088
38760
53987
56685
47493
30435
11508
-3335
-10131
-8148
0
9374
14529
11510
-657
-19484
-39716
-55001
-59962
-52010
-32272
-5348
22066
43214
53333
51051
38683
21336
5137
-4833
-6198
0
9767
17636
18663
10252
-6801
-28409
-48429
-60610
-60638
-47589
-24309
3412
28602
45242
50072
43493
29269
13152
894
-3698
0
9292
19176
24157
20250
6487
-14579
-37555
-55872
-63878
-58677
-41110
-15545
11448
33131
44645
44439
34601
19999
6542
-869
0
7991
19012
27505
28449
19198
548
-23343
-46170
-61443
-64552
-54258
-33122
-6723
18076
35250
41436
36858
25068
11609
2038
0
5981
17158
28409
34120
30203
15625
-7057
-32365
-53548
-64691
-62585
-47755
-24296
1415
22723
34752
35840
27911
15644
4763
0
3439
13780
26789
36760
38524
29314
9856
-15684
-40895
-59081
-65351
-58145
-39711
-15372
8178
24979
31638
28273
18289
7065
0
591
9178
22788
36133
43423
40399
25893
2390
-24608
-48222
-62310
-63368
-51597
-30793
-7095
12987
24625
26123
19309
8739
0
-2309
3760
16763
32295
44463
47894
39629
20251
-6135
-33079
-53733
-62961
-58899
-43477
-21737
-159
15423
21652
18614
9637
0
-5004
-1992
9248
25588
41552
51133
49844
36314
12883
-14996
-40382
-56960
-60967
-52299
-34447
-13291
4851
15257
16264
9678
0
-7254
-7567
911
16608
34950
49829
55631
49150
30757
4419
-23442
-45897
-57618
-56474
-44097
-25241
-6152
7506
12469
8860
0
-8860
-12469
-7506
6152
25241
44097
56474
57618
45897
23442
-4419
-30757
-49150
-55631
-49829
-34950
-16608
-911
7567
7254
0
-9678
-16264
-15257
-4851
13291
34447
52299
60967
56960
40382
14996
-12883
-36314
-49844
-51133
-41552
-25588
-9248
1992
5004
0
-9637
-18614
-21652
-15423
159
21737
43477
58899
62961
53733
33079
6135
-20251
-39629
-47894
-44463
-32295
-16763
-3760
2309
0
-8739
-19309
-26123
-24625
-12987
7095
30793
51597
63368
62310
48222
24608
-2390
-25893
-40399
-43423
-36133
-22788
-9178
-591
0
-7065
-18289
-28273
-31638
-24979
-8178
15372
39711
58145
65351
59081
40895
15684
-9856
-29314
-38524
-36760
-26789
-13780
-3439
0
-4763
-15644
-27911
-35840
-34752
-22723
-1415
24296
47755
62585
64691
53548
32365
7057
-15625
-30203
-34120
-28409
-17158
-5981
0
-2038
-11609
-25068
-36858
-41436
-35250
-18076
6723
33122
54258
64552
61443
46170
23343
-548
-19198
-28449
-27505
-19012
-7991
0
869
-6542
-19999
-34601
-44439
-44645
-33131
-11448
15545
41110
58677
63878
55872
37555
14579
-6487
-20250
-24157
-19176
-9292
0
3698
-894
-13152
-29269
-43493
-50072
-45242
-28602
-3412
24309
47589
60638
60610
48429
28409
6801
-10252
-18663
-17636
-9767
0
6198
4833
-5137
-21336
-38683
-51051
-53333
-43214
-22066
5348
32272
52010
59962
55001
39716
19484
657
-11510
-14529
-9374
0
8148
10131
3335
-11508
-30435
-47493
-56685
-53987
-38760
-14088
14088
38760
53987
56685
47493
30435
11508
-3335
-10131
-8148
0
9374
14529
11510
-657
-19484
-39716
-55001
-59962
-52010
-32272
-5348
22066
43214
53333
51051
38683
21336
5137
-4833
-6198
0
9767
17636
18663
10252
-6801
-28409
-48429
-60610
-60638
-47589
-24309
3412
28602
45242
50072
43493
29269
13152
894
-3698
0
9292
19176
24157
20250
6487
-14579
-37555
-55872
-63878
-58677
-41110
-15545
11448
33131
44645
44439
34601
19999
6542
-869
0
7991
19012
27505
28449
19198
548
-23343
-46170
-61443
-64552
-54258
-33122
-6723
18076
35250
41436
36858
25068
11609
2038
0
5981
17158
28409
34120
30203
15625
-7057
-32365
-53548
-64691
-62585
-47755
-24296
1415
22723
34752
35840
27911
15644
4763
0
3439
13780
26789
36760
38524
29314
9856
-15684
-40895
-59081
-65351
-58145
-39711
-15372
8178
24979
31638
28273
18289
7065
0
591
9178
22788
36133
43423
40399
25893
2390
-24608
-48222
-62310
-63368
-51597
-30793
-7095
12987
24625
26123
19309
8739
0
-2309
3760
16763
32295
44463
47894
39629
20251
-6135
-33079
-53733
-62961
-58899
-43477
-21737
-159
15423
21652
18614
9637
0
-5004
-1992
9248
25588
41552
51133
49844
36314
12883
-14996
-40382
-56960
-60967
-52299
-34447
-13291
4851
15257
16264
9678
0
-7254
-7567
911
16608
34950
49829
55631
49150
30757
4419
-23442
-45897
-57618
-56474
-44097
-25241
-6152
7506
12469
8860
0
-8860
-12469
-7506
6152
25241
44097
56474
57618
45897
23442
-4419
-30757
-49150
-55631
-49829
-34950
-16608
-911
7567
7254
0
-9678
-16264
-15257
-4851
13291
34447
52299
60967
56960
40382
14996
-12883
-36314
-49844
-51133
-41552
-25588
-9248
1992
5004
0
-9637
-18614
-21652
-15423
159
21737
43477
58899
62961
53733
33079
6135
-20251
-39629
-47894
-44463
-32295
-16763
-3760
2309
0
-8739
-19309
-26123
-24625
-12987
7095
30793
51597
63368
62310
48222
24608
-2390
-25893
-40399
-43423
-36133
-22788
-9178
-591
0
-7065
-18289
-28273
-31638
-24979
-8178
15372
39711
58145
65351
59081
40895
15684
-9856
-29314
-38524
-36760
-26789
-13780
-3439
0
-4763
-15644
-27911
-35840
-34752
-22723
-1415
24296
47755
62585
64691
53548
32365
7057
-15625
-30203
-34120
-28409
-17158
-5981
0
-2038
-11609
-25068
-36858
-41436
-35250
-18076
6723
33122
54258
64552
61443
46170
23343
-548
-19198
-28449
-27505
-19012
-7991
0
869
-6542
-19999
-34601
-44439
-44645
-33131
-11448
15545
41110
58677
63878
55872
37555
14579
-6487
-20250
-24157
-19176
-9292
0
3698
-894
-13152
-29269
-43493
-50072
-45242
-28602
-3412
24309
47589
60638
60610
48429
28409
6801
-10252
-18663
-17636
-9767
0
6198
4833
-5137
-21336
-38683
-51051
-53333
-43214
-22066
5348
32272
52010
59962
55001
39716
19484
657
-11510
-14529
-9374
0
8148
10131
3335
-11508
-30435
-47493
-56685
-53987
-38760
-14088
14088
38760
53987
56685
47493
30435
11508
-3335
-10131
-8148
0
9374
14529
11510
-657
-19484
-39716
-55001
-59962
-52010
-32272
-5348
22066
43214
53333
51051
38683
21336
5137
-4833
-6198
0
9767
17636
18663
10252
-6801
-28409
-48429
-60610
-60638
-47589
-24309
3412
28602
45242
50072
43493
29269
13152
894
-3698
0
9292
19176
24157
20250
6487
-14579
-37555
-55872
-63878
-58677
-41110
-15545
11448
33131
44645
44439
34601
19999
6542
-869
0
7991
19012
27505
28449
19198
548
-23343
-46170
-61443
-64552
-54258
-33122
-6723
18076
35250
41436
36858
25068
11609
2038
0
5981
17158
28409
34120
30203
15625
-7057
-32365
-53548
-64691
-62585
-47755
-24296
1415
22723
34752
35840
27911
15644
4763
0
3439
13780
26789
36760
38524
29314
9856
-15684
-40895
-59081
-65351
-58145
-39711
-15372
8178
24979
31638
28273
18289
7065
0
591
9178
22788
36133
43423
40399
25893
2390
-24608
-48222
-62310
-63368
-51597
-30793
-7095
12987
24625
26123
19309
8739
0
-2309
3760
16763
32295
44463
47894
39629
20251
-6135
-33079
-53733
-62961
-58899
-43477
-21737
-159
15423
21652
18614
9637
0
-5004
-1992
9248
25588
41552
51133
49844
36314
12883
-14996
-40382
-56960
-60967
-52299
-34447
-13291
4851
15257
16264
9678
0
-7254
-7567
911
16608
34950
49829
55631
49150
30757
4419
-23442
-45897
-57618
-56474
-44097
-25241
-6152
7506
12469
8860
0
-8860
-12469
-7506
6152
25241
44097
56474
57618
45897
23442
-4419
-30757
-49150
-55631
-49829
-34950
-16608
-911
7567
7254
0
-9678
-16264
-15257
-4851
13291
34447
52299
60967
56960
40382
14996
-12883
-36314
-49844
-51133
-41552
-25588
-9248
1992
5004
0
-9637
-18614
-21652
-15423
159
21737
43477
58899
62961
53733
33079
6135
-20251
-39629
-47894
-44463
-32295
-16763
-3760
2309
0
-8739
-19309
-26123
-24625
-12987
7095
30793
51597
63368
62310
48222
24608
-2390
-25893
-40399
-43423
-36133
-22788
-9178
-591
0
-7065
-18289
-28273
-31638
-24979
-8178
15372
39711
58145
65351
59081
40895
15684
-9856
-29314
-38524
-36760
-26789
-13780
-3439
0
-4763
-15644
-27911
-35840
-34752
-22723
-1415
24296
47755
62585
64691
53548
32365
7057
-15625
-30203
-34120
-28409
-17158
-5981
0
-2038
-11609
-25068
-36858
-41436
-35250
-18076
6723
33122
54258
64552
61443
46170
23343
-548
-19198
-28449
-27505
-19012
-7991
0
869
-6542
-19999
-34601
-44439
-44645
-33131
-11448
15545
41110
58677
63878
55872
37555
14579
-6487
-20250
-24157
-19176
-9292
0
3698
-894
-13152
-29269
-43493
-50072
-45242
-28602
-3412
24309
47589
60638
60610
48429
28409
6801
-10252
-18663
-17636
-9767
0
6198
4833
-5137
-21336
-38683
-51051
-53333
-43214
-22066
5348
32272
52010
59962
55001
39716
19484
657
-11510
-14529
-9374
0
8148
10131
3335
-11508
-30435
-47493
-56685
-53987
-38760
-14088
14088
38760
53987
56685
47493
30435
11508
-3335
-10131
-8148
0
9374
14529
11510
-657
-19484
-39716
-55001
-59962
-52010
-32272
-5348
22066
43214
53333
51051
38683
21336
5137
-4833
-6198
0
9767
17636
18663
10252
-6801
-28409
-48429
-60610
-60638
-47589
-24309
3412
28602
45242
50072
43493
29269
13152
894
-3698
0
9292
19176
24157
20250
6487
-14579
-37555
-55872
-63878
-58677
-41110
-15545
11448
33131
44645
44439
34601
19999
6542
-869
0
7991
19012
27505
28449
19198
548
-23343
-46170
-61443
-64552
-54258
-33122
-6723
18076
35250
41436
36858
25068
11609
2038
0
5981
17158
28409
34120
30203
15625
-7057
-32365
-53548
-64691
-62585
-47755
-24296
1415
22723
34752
35840
27911
15644
4763
0
3439
13780
26789
36760
38524
29314
9856
-15684
-40895
-59081
-65351
-58145
-39711
-15372
8178
24979
31638
28273
18289
7065
0
591
9178
22788
36133
43423
40399
25893
2390
-24608
-48222
-62310
-63368
-51597
-30793
-7095
12987
24625
26123
19309
8739
0
-2309
3760
16763
32295
44463
47894
39629
20251
-6135
-33079
-53733
-62961
-58899
-43477
-21737
-159
15423
21652
18614
9637
0
-5004
-1992
9248
25588
41552
51133
49844
36314
12883
-14996
-40382
-56960
-60967
-52299
-34447
-13291
4851
15257
16264
9678
0
-7254
-7567
911
16608
34950
49829
55631
49150
30757
4419
-23442
-45897
-57618
-56474
-44097
-25241
-6152
7506
12469
8860
0
-8860
-12469
-7506
6152
25241
44097
56474
57618
45897
23442
-4419
-30757
-49150
-55631
-49829
-34950
-16608
-911
7567
7254
0
-9678
-16264
-15257
-4851
13291
34447
52299
60967
56960
40382
14996
-12883
-36314
-49844
-51133
-41552
-25588
-9248
1992
5004
0
-9637
-18614
-21652
-15423
159
21737
43477
58899
62961
53733
33079
6135
-20251
-39629
-47894
-44463
-32295
-16763
-3760
2309
0
-8739
-19309
-26123
-24625
-12987
7095
30793
51597
63368
62310
48222
24608
-2390
-25893
-40399
-43423
-36133
-22788
-9178
-591
0
-7065
-18289
-28273
-31638
-24979
-8178
15372
39711
58145
65351
59081
40895
15684
-9856
-29314
-38524
-36760
-26789
-13780
-3439
0
-4763
-15644
-27911
-35840
-34752
-22723
-1415
24296
47755
62585
64691
53548
32365
7057
-15625
-30203
-34120
-28409
-17158
-5981
0
-2038
-11609
-25068
-36858
-41436
-35250
-18076
6723
33122
54258
64552
61443
46170
23343
-548
-19198
-28449
-27505
-19012
-7991
0
869
-6542
-19999
-34601
-44439
-44645
-33131
-11448
15545
41110
58677
63878
55872
37555
14579
-6487
-20250
-24157
-19176
-9292
0
3698
-894
-13152
-29269
-43493
-50072
-45242
-28602
-3412
24309
47589
60638
60610
48429
28409
6801
-10252
-18663
-17636
-9767
0
6198
4833
-5137
-21336
-38683
-51051
-53333
-43214
-22066
5348
32272
52010
59962
55001
39716
19484
657
-11510
-14529
-9374
0
8148
10131
3335
-11508
-30435
-47493
-56685
-53987
-38760
-14088
14088
38760
53987
56685
47493
30435
11508
-3335
-10131
-8148
0
9374
14529
11510
-657
-19484
-39716
-55001
-59962
-52010
-32272
-5348
22066
43214
53333
51051
38683
21336
5137
-4833
-6198
0
9767
17636
18663
10252
-6801
-28409
-48429
-60610
-60638
-47589
-24309
3412
28602
45242
50072
43493
29269
13152
894
-3698
0
9292
19176
24157
20250
6487
-14579
-37555
-55872
-63878
-58677
-41110
-15545
11448
33131
44645
44439
34601
19999
6542
-869
0
7991
19012
27505
28449
19198
548
-23343
-46170
-61443
-64552
-54258
-33122
-6723
18076
35250
41436
36858
25068
11609
2038
0
5981
17158
28409
34120
30203
15625
-7057
-32365
-53548
-64691
-62585
-47755
-24296
1415
22723
34752
35840
27911
15644
4763
0
3439
13780
26789
36760
38524
29314
9856
-15684
-40895
-59081
-65351
-58145
-39711
-15372
8178
24979
31638
28273
18289
7065
0
591
9178
22788
36133
43423
40399
25893
2390
-24608
-48222
-62310
-63368
-51597
-30793
-7095
12987
24625
26123
19309
8739
0
-2309
3760
16763
32295
44463
47894
39629
20251
-6135
-33079
-53733
-62961
-58899
-43477
-21737
-159
15423
21652
18614
9637
0
-5004
-1992
9248
25588
41552
51133
49844
36314
12883
-14996
-40382
-56960
-60967
-52299
-34447
-13291
4851
15257
16264
9678
0
-7254
-7567
911
16608
34950
49829
55631
49150
30757
4419
-23442
-45897
-57618
-56474
-44097
-25241
-6152
7506
12469
8860
0
-8860
-12469
-7506
6152
25241
44097
56474
57618
45897
23442
-4419
-30757
-49150
-55631
-49829
-34950
-16608
-911
7567
7254
0
-9678
-16264
-15257
-4851
13291
34447
52299
60967
56960
40382
14996
-12883
-36314
-49844
-51133
-41552
-25588
-9248
1992
5004
0
-9637
-18614
-21652
-15423
159
21737
43477
58899
62961
53733
33079
6135
-20251
-39629
-47894
-44463
-32295
-16763
-3760
2309
0
-8739
-19309
-26123
-24625
-12987
7095
30793
51597
63368
62310
48222
24608
-2390
-25893
-40399
-43423
-36133
-22788
-9178
-591
0
-7065
-18289
-28273
-31638
-24979
-8178
15372
39711
58145
65351
59081
40895
15684
-9856
-29314
-38524
-36760
-26789
-13780
-3439
0
-4763
-15644
-27911
-35840
-34752
-22723
-1415
24296
47755
62585
64691
53548
32365
7057
-15625
-30203
-34120
-28409
-17158
-5981
0
-2038
-11609
-25068
-36858
-41436
-35250
-18076
6723
33122
54258
64552
61443
46170
23343
-548
-19198
-28449
-27505
-19012
-7991
0
869
-6542
-19999
-34601
-44439
-44645
-33131
-11448
15545
41110
58677
63878
55872
37555
14579
-6487
-20250
-24157
-19176
-9292
0
3698
-894
-13152
-29269
-43493
-50072
-45242
-28602
-3412
24309
47589
60638
60610
48429
28409
6801
-10252
-18663
-17636
-9767
0
6198
4833
-5137
-21336
-38683
-51051
-53333
-43214
-22066
5348
32272
52010
59962
55001
39716
19484
657
-11510
-14529
-9374
0
8148
10131
3335
-11508
-30435
-47493
-56685
-53987
-38760
-14088
14088
38760
53987
56685
47493
30435
11508
-3335
-10131
-8148
0
9374
14529
11510
-657
-19484
-39716
-55001
-59962
-52010
-32272
-5348
22066
43214
53333
51051
38683
21336
5137
-4833
-6198
0
9767
17636
18663
10252
-6801
-28409
-48429
-60610
-60638
-47589
-24309
3412
28602
45242
50072
43493
29269
13152
894
-3698
0
9292
19176
24157
20250
6487
-14579
-37555
-55872
-63878
-58677
-41110
-15545
11448
33131
44645
44439
34601
19999
6542
-869
0
7991
19012
27505
28449
19198
548
-23343
-46170
-61443
-64552
-54258
-33122
-6723
18076
35250
41436
36858
25068
11609
2038
0
5981
17158
28409
34120
30203
15625
-7057
-32365
-53548
-64691
-62585
-47755
-24296
1415
22723
34752
35840
27911
15644
4763
0
3439
13780
26789
36760
38524
29314
9856
-15684
-40895
-59081
-65351
-58145
-39711
-15372
8178
24979
31638
28273
18289
7065
0
591
9178
22788
36133
43423
40399
25893
2390
-24608
-48222
-62310
-63368
-51597
-30793
-7095
12987
24625
26123
19309
8739
0
-2309
3760
16763
32295
44463
47894
39629
20251
-6135
-33079
-53733
-62961
-58899
-43477
-21737
-159
15423
21652
18614
9637
0
-5004
-1992
9248
25588
41552
51133
49844
36314
12883
-14996
-40382
-56960
-60967
-52299
-34447
-13291
4851
15257
16264
9678
0
-7254
-7567
911
16608
34950
49829
55631
49150
30757
4419
-23442
-45897
-57618
-56474
-44097
-25241
-6152
7506
12469
8860
0
-8860
-12469
-7506
6152
25241
44097
56474
57618
45897
23442
-4419
-30757
-49150
-55631
-49829
-34950
-16608
-911
7567
7254
0
-9678
-16264
-15257
-4851
13291
34447
52299
60967
56960
40382
14996
-12883
-36314
-49844
-51133
-41552
-25588
-9248
1992
5004
0
-9637
-18614
-21652
-15423
159
21737
43477
58899
62961
53733
33079
6135
-20251
-39629
-47894
-44463
-32295
-16763
-3760
2309
0
-8739
-19309
-26123
-24625
-12987
7095
30793
51597
63368
62310
48222
24608
-2390
-25893
-40399
-43423
-36133
-22788
-9178
-591
0
-7065
-18289
-28273
-31638
-24979
-8178
15372
39711
58145
65351
59081
40895
15684
-9856
-29314
-38524
-36760
-26789
-13780
-3439
0
-4763
-15644
-27911
-35840
-34752
-22723
-1415
24296
47755
62585
64691
53548
32365
7057
-15625
-30203
-34120
-28409
-17158
-5981
0
-2038
-11609
-25068
-36858
-41436
-35250
-18076
6723
33122
54258
64552
61443
46170
23343
-548
-19198
-28449
-27505
-19012
-7991
0
869
-6542
-19999
-34601
-44439
-44645
-33131
-11448
15545
41110
58677
63878
55872
37555
14579
-6487
-20250
-24157
-19176
-9292
0
3698
-894
-13152
-29269
-43493
-50072
-45242
-28602
-3412
24309
47589
60638
60610
48429
28409
6801
-10252
-18663
-17636
-9767
0
6198
4833
-5137
-21336
-38683
-51051
-53333
-43214
-22066
5348
32272
52010
59962
55001
39716
19484
657
-11510
-14529
-9374
0
8148
10131
3335
-11508
-30435
-47493
-56685
-53987
-38760
-14088
14088
38760
53987
56685
47493
30435
11508
-3335
-10131
-8148
0
9374
14529
11510
-657
-19484
-39716
-55001
-59962
-52010
-32272
-5348
22066
43214
53333
51051
38683
21336
5137
-4833
-6198
0
9767
17636
18663
10252
-6801
-28409
-48429
-60610
-60638
-47589
-24309
3412
28602
45242
50072
43493
29269
13152
894
-3698
0
9292
19176
24157
20250
6487
-14579
-37555
-55872
-63878
-58677
-41110
-15545
11448
33131
44645
44439
34601
19999
6542
-869
0
7991
19012
27505
28449
19198
548
-23343
-46170
-61443
-64552
-54258
-33122
-6723
18076
35250
41436
36858
25068
11609
2038
0
5981
17158
28409
34120
30203
15625
-7057
-32365
-53548
-64691
-62585
-47755
-24296
1415
22723
34752
35840
27911
15644
4763
0
3439
13780
26789
36760
38524
29314
9856
-15684
-40895
-59081
-65351
-58145
-39711
-15372
8178
24979
31638
28273
18289
7065
0
591
9178
22788
36133
43423
40399
25893
2390
-24608
-48222
-62310
-63368
-51597
-30793
-7095
12987
24625
26123
19309
8739
0
-2309
3760
16763
32295
44463
47894
39629
20251
-6135
-33079
-53733
-62961
-58899
-43477
-21737
-159
15423
21652
18614
9637
0
-5004
-1992
9248
25588
41552
51133
49844
36314
12883
-14996
-40382
-56960
-60967
-52299
-34447
-13291
4851
15257
16264
9678
0
-7254
-7567
911
16608
34950
49829
55631
49150
30757
4419
-23442
-45897
-57618
-56474
-44097
-25241
-6152
7506
12469
8860
0
-8860
-12469
-7506
6152
25241
44097
56474
57618
45897
23442
-4419
-30757
-49150
-55631
-49829
-34950
-16608
-911
7567
7254
0
-9678
-16264
-15257
-4851
13291
34447
52299
60967
56960
40382
14996
-12883
-36314
-49844
-51133
-41552
-25588
-9248
1992
5004
0
-9637
-18614
-21652
-15423
159
21737
43477
58899
62961
53733
33079
6135
-20251
-39629
-47894
-44463
-32295
-16763
-3760
2309
0
-8739
-19309
-26123
-24625
-12987
7095
30793
51597
63368
62310
48222
24608
-2390
-25893
-40399
-43423
-36133
-22788
-9178
-591
0
-7065
-18289
-28273
-31638
-24979
-8178
15372
39711
58145
65351
59081
40895
15684
-9856
-29314
-38524
-36760
-26789
-13780
-3439
0
-4763
-15644
-27911
-35840
-34752
-22723
-1415
24296
47755
62585
64691
53548
32365
7057
-15625
-30203
-34120
-28409
-17158
-5981
0
-2038
-11609
-25068
-36858
-41436
-35250
-18076
6723
33122
54258
64552
61443
46170
23343
-548
-19198
-28449
-27505
-19012
-7991
0
869
-6542
-19999
-34601
-44439
-44645
-33131
-11448
15545
41110
58677
63878
55872
37555
14579
-6487
-20250
-24157
-19176
-9292
0
3698
-894
-13152
-29269
-43493
-50072
-45242
-28602
-3412
24309
47589
60638
60610
48429
28409
6801
-10252
-18663
-17636
-9767
0
6198
4833
-5137
-21336
-38683
-51051
-53333
-43214
-22066
5348
32272
52010
59962
55001
39716
19484
657
-11510
-14529
-9374
0
8148
10131
3335
-11508
-30435
-47493
-56685
-53987
-38760
-14088
14088
38760
53987
56685
47493
30435
11508
-3335
-10131
-8148
0
9374
14529
11510
-657
-19484
-39716
-55001
-59962
-52010
-32272
-5348
22066
43214
53333
51051
38683
21336
5137
-4833
-6198
0
9767
17636
18663
10252
-6801
-28409
-48429
-60610
-60638
-47589
-24309
3412
28602
45242
50072
43493
29269
13152
894
-3698
0
9292
19176
24157
20250
6487
-14579
-37555
-55872
-63878
-58677
-41110
-15545
11448
33131
44645
44439
34601
19999
6542
-869
0
7991
19012
27505
28449
19198
548
-23343
-46170
-61443
-64552
-54258
-33122
-6723
18076
35250
41436
36858
25068
11609
2038
0
5981
17158
28409
34120
30203
15625
-7057
-32365
-53548
-64691
-62585
-47755
-24296
1415
22723
34752
35840
27911
15644
4763
0
3439
13780
26789
36760
38524
29314
9856
-15684
-40895
-59081
-65351
-58145
-39711
-15372
8178
24979
31638
28273
18289
7065
0
591
9178
22788
36133
43423
40399
25893
2390
-24608
-48222
-62310
-63368
-51597
-30793
-7095
12987
24625
26123
19309
8739
0
-2309
3760
16763
32295
44463
47894
39629
20251
-6135
-33079
-53733
-62961
-58899
-43477
-21737
-159
15423
21652
18614
9637
0
-5004
-1992
9248
25588
41552
51133
49844
36314
12883
-14996
-40382
-56960
-60967
-52299
-34447
-13291
4851
15257
16264
9678
0
-7254
-7567
911
16608
34950
49829
55631
49150
30757
4419
-23442
-45897
-57618
-56474
-44097
-25241
-6152
7506
12469
8860
0
-8860
-12469
-7506
6152
25241
44097
56474
57618
45897
23442
-4419
-30757
-49150
-55631
-49829
-34950
-16608
-911
7567
7254
0
-9678
-16264
-15257
-4851
13291
34447
52299
60967
56960
40382
14996
-12883
-36314
-49844
-51133
-41552
-25588
-9248
1992
5004
0
-9637
-18614
-21652
-15423
159
21737
43477
58899
62961
53733
33079
6135
-20251
-39629
-47894
-44463
-32295
-16763
-3760
2309
0
-8739
-19309
-26123
-24625
-12987
7095
30793
51597
63368
62310
48222
24608
-2390
-25893
-40399
-43423
-36133
-22788
-9178
-591
0
-7065
-18289
-28273
-31638
-24979
-8178
15372
39711
58145
65351
59081
40895
15684
-9856
-29314
-38524
-36760
-26789
-13780
-3439
0
-4763
-15644
-27911
-35840
-34752
-22723
-1415
24296
47755
62585
64691
53548
32365
7057
-15625
-30203
-34120
-28409
-17158
-5981
0
-2038
-11609
-25068
-36858
-41436
-35250
-18076
6723
33122
54258
64552
61443
46170
23343
-548
-19198
-28449
-27505
-19012
-7991
0
869
-6542
-19999
-34601
-44439
-44645
-33131
-11448
15545
41110
58677
63878
55872
37555
14579
-6487
-20250
-24157
-19176
-9292
0
3698
-894
-13152
-29269
-43493
-50072
-45242
-28602
-3412
24309
47589
60638
60610
48429
28409
6801
-10252
-18663
-17636
-9767
0
6198
4833
-5137
-21336
-38683
-51051
-53333
-43214
-22066
5348
32272
52010
59962
55001
39716
19484
657
-11510
-14529
-9374
0
8148
10131
3335
-11508
-30435
-47493
-56685
-53987
-38760
-14088
14088
38760
53987
56685
47493
30435
11508
-3335
-10131
-8148
0
9374
14529
11510
-657
-19484
-39716
-55001
-59962
-52010
-32272
-5348
22066
43214
53333
51051
38683
21336
5137
-4833
-6198
0
9767
17636
18663
10252
-6801
-28409
-48429
-60610
-60638
-47589
-24309
3412
28602
45242
50072
43493
29269
13152
894
-3698
0
9292
19176
24157
20250
6487
-14579
-37555
-55872
-63878
-58677
-41110
-15545
11448
33131
44645
44439
34601
19999
6542
-869
0
7991
19012
27505
28449
19198
548
-23343
-46170
-61443
-64552
-54258
-33122
-6723
18076
35250
41436
36858
25068
11609
2038
0
5981
17158
28409
34120
30203
15625
-7057
-32365
-53548
-64691
-62585
-47755
-24296
1415
22723
34752
35840
27911
15644
4763
0
3439
13780
26789
36760
38524
29314
9856
-15684
-40895
-59081
-65351
-58145
-39711
-15372
8178
24979
31638
28273
18289
7065
0
591
9178
22788
36133
43423
40399
25893
2390
-24608
-48222
-62310
-63368
-51597
-30793
-7095
12987
24625
26123
19309
8739
0
-2309
3760
16763
32295
44463
47894
39629
20251
-6135
-33079
-53733
-62961
-58899
-43477
-21737
-159
15423
21652
18614
9637
0
-5004
-1992
9248
25588
41552
51133
49844
36314
12883
-14996
-40382
-56960
-60967
-52299
-34447
-13291
4851
15257
16264
9678
0
-7254
-7567
911
16608
34950
49829
55631
49150
30757
4419
-23442
-45897
-57618
-56474
-44097
-25241
-6152
7506
12469
8860
0
-8860
-12469
-7506
6152
25241
44097
56474
57618
45897
23442
-4419
-30757
-49150
-55631
-49829
-34950
-16608
-911
7567
7254
0
-9678
-16264
-15257
-4851
13291
34447
52299
60967
56960
40382
14996
-12883
-36314
-49844
-51133
-41552
-25588
-9248
1992
5004
0
-9637
-18614
-21652
-15423
159
21737
43477
58899
62961
53733
33079
6135
-20251
-39629
-47894
-44463
-32295
-16763
-3760
2309
0
-8739
-19309
-26123
-24625
-12987
7095
30793
51597
63368
62310
48222
24608
-2390
-25893
-40399
-43423
-36133
-22788
-9178
-591
0
-7065
-18289
-28273
-31638
-24979
-8178
15372
39711
58145
65351
59081
40895
15684
-9856
-29314
-38524
-36760
-26789
-13780
-3439
0
-4763
-15644
-27911
-35840
-34752
-22723
-1415
24296
47755
62585
64691
53548
32365
7057
-15625
-30203
-34120
-28409
-17158
-5981
0
-2038
-11609
-25068
-36858
-41436
-35250
-18076
6723
33122
54258
64552
61443
46170
23343
-548
-19198
-28449
-27505
-19012
-7991
0
869
-6542
-19999
-34601
-44439
-44645
-33131
-11448
15545
41110
58677
63878
55872
37555
14579
-6487
-20250
-24157
-19176
-9292
0
3698
-894
-13152
-29269
-43493
-50072
-45242
-28602
-3412
24309
47589
60638
60610
48429
28409
6801
-10252
-18663
-17636
-9767
0
6198
4833
-5137
-21336
-38683
-51051
-53333
-43214
-22066
5348
32272
52010
59962
55001
39716
19484
657
-11510
-14529
-9374
0
8148
10131
3335
-11508
-30435
-47493
-56685
-53987
-38760
-14088
14088
38760
53987
56685
47493
30435
11508
-3335
-10131
-8148
0
9374
14529
11510
-657
-19484
-39716
-55001
-59962
-52010
-32272
-5348
22066
43214
53333
51051
38683
21336
5137
-4833
-6198
0
9767
17636
18663
10252
-6801
-28409
-48429
-60610
-60638
-47589
-24309
3412
28602
45242
50072
43493
29269
13152
894
-3698
0
9292
19176
24157
20250
6487
-14579
-37555
-55872
-63878
-58677
-41110
-15545
11448
33131
44645
44439
34601
19999
6542
-869
0
7991
19012
27505
28449
19198
548
-23343
-46170
-61443
-64552
-54258
-33122
-6723
18076
35250
41436
36858
25068
11609
2038
0
5981
17158
28409
34120
30203
15625
-7057
-32365
-53548
-64691
-62585
-47755
-24296
1415
22723
34752
35840
27911
15644
4763
0
3439
13780
26789
36760
38524
29314
9856
-15684
-40895
-59081
-65351
-58145
-39711
-15372
8178
24979
31638
28273
18289
7065
0
591
9178
22788
36133
43423
40399
25893
2390
-24608
-48222
-62310
-63368
-51597
-30793
-7095
12987
24625
26123
19309
8739
0
-2309
3760
16763
32295
44463
47894
39629
20251
-6135
-33079
-53733
-62961
-58899
-43477
-21737
-159
15423
21652
18614
9637
0
-5004
-1992
9248
25588
41552
51133
49844
36314
12883
-14996
-40382
-56960
-60967
-52299
-34447
-13291
4851
15257
16264
9678
0
-7254
-7567
911
16608
34950
49829
55631
49150
30757
4419
-23442
-45897
-57618
-56474
-44097
-25241
-6152
7506
12469
8860
0
-8860
-12469
-7506
6152
25241
44097
56474
57618
45897
23442
-4419
-30757
-49150
-55631
-49829
-34950
-16608
-911
7567
7254
0
-9678
-16264
-15257
-4851
13291
34447
52299
60967
56960
40382
14996
-12883
-36314
-49844
-51133
-41552
-25588
-9248
1992
5004
0
-9637
-18614
-21652
-15423
159
21737
43477
58899
62961
53733
33079
6135
-20251
-39629
-47894
-44463
-32295
-16763
-3760
2309
0
-8739
-19309
-26123
-24625
-12987
7095
30793
51597
63368
62310
48222
24608
-2390
-25893
-40399
-43423
-36133
-22788
-9178
-591
0
-7065
-18289
-28273
-31638
-24979
-8178
15372
39711
58145
65351
59081
40895
15684
-9856
-29314
-38524
-36760
-26789
-13780
-3439
0
-4763
-15644
-27911
-35840
-34752
-22723
-1415
24296
47755
62585
64691
53548
32365
7057
-15625
-30203
-34120
-28409
-17158
-5981
0
-2038
-11609
-25068
-36858
-41436
-35250
-18076
6723
33122
54258
64552
61443
46170
23343
-548
-19198
-28449
-27505
-19012
-7991
0
869
-6542
-19999
-34601
-44439
-44645
-33131
-11448
15545
41110
58677
63878
55872
37555
14579
-6487
-20250
-24157
-19176
-9292
0
3698
-894
-13152
-29269
-43493
-50072
-45242
-28602
-3412
24309
47589
60638
60610
48429
28409
6801
-10252
-18663
-17636
-9767
0
6198
4833
-5137
-21336
-38683
-51051
-53333
-43214
-22066
5348
32272
52010
59962
55001
39716
19484
657
-11510
-14529
-9374
0
8148
10131
3335
-11508
-30435
-47493
-56685
-53987
-38760
-14088
14088
38760
53987
56685
47493
30435
11508
-3335
-10131
-8148
0
9374
14529
11510
-657
-19484
-39716
-55001
-59962
-52010
-32272
-5348
22066
43214
53333
51051
38683
21336
5137
-4833
-6198
0
9767
17636
18663
10252
-6801
-28409
-48429
-60610
-60638
-47589
-24309
3412
28602
45242
50072
43493
29269
13152
894
-3698
0
9292
19176
24157
20250
6487
-14579
-37555
-55872
-63878
-58677
-41110
-15545
11448
33131
44645
44439
34601
19999
6542
-869
0
7991
19012
27505
28449
19198
548
-23343
-46170
-61443
-64552
-54258
-33122
-6723
18076
35250
41436
36858
25068
11609
2038
0
5981
17158
28409
34120
30203
15625
-7057
-32365
-53548
-64691
-62585
-47755
-24296
1415
22723
34752
35840
27911
15644
4763
0
3439
13780
26789
36760
38524
29314
9856
-15684
-40895
-59081
-65351
-58145
-39711
-15372
8178
24979
31638
28273
18289
7065
0
591
9178
22788
36133
43423
40399
25893
2390
-24608
-48222
-62310
-63368
-51597
-30793
-7095
12987
24625
26123
19309
8739
0
-2309
3760
16763
32295
44463
47894
39629
20251
-6135
-33079
-53733
-62961
-58899
-43477
-21737
-159
15423
21652
18614
9637
0
-5004
-1992
9248
25588
41552
51133
49844
36314
12883
-14996
-40382
-56960
-60967
-52299
-34447
-13291
4851
15257
16264
9678
0
-7254
-7567
911
16608
34950
49829
55631
49150
30757
4419
-23442
-45897
-57618
-56474
-44097
-25241
-6152
7506
12469
8860
0
-8860
-12469
-7506
6152
25241
44097
56474
57618
45897
23442
-4419
-30757
-49150
-55631
-49829
-34950
-16608
-911
7567
7254
0
-9678
-16264
-15257
-4851
13291
34447
52299
60967
56960
40382
14996
-12883
-36314
-49844
-51133
-41552
-25588
-9248
1992
5004
0
-9637
-18614
-21652
-15423
159
21737
43477
58899
62961
53733
33079
6135
-20251
-39629
-47894
-44463
-32295
-16763
-3760
2309
0
-8739
-19309
-26123
-24625
-12987
7095
30793
51597
63368
62310
48222
24608
-2390
-25893
-40399
-43423
-36133
-22788
-9178
-591
0
-7065
-18289
-28273
-31638
-24979
-8178
15372
39711
58145
65351
59081
40895
15684
-9856
-29314
-38524
-36760
-26789
-13780
-3439
0
-4763
-15644
-27911
-35840
-34752
-22723
-1415
24296
47755
62585
64691
53548
32365
7057
-15625
-30203
-34120
-28409
-17158
-5981
0
-2038
-11609
-25068
-36858
-41436
-35250
-18076
6723
33122
54258
64552
61443
46170
23343
-548
-19198
-28449
-27505
-19012
-7991
0
869
-6542
-19999
-34601
-44439
-44645
-33131
-11448
15545
41110
58677
63878
55872
37555
14579
-6487
-20250
-24157
-19176
-9292
0
3698
-894
-13152
-29269
-43493
-50072
-45242
-28602
-3412
24309
47589
60638
60610
48429
28409
6801
-10252
-18663
-17636
-9767
0
6198
4833
-5137
-21336
-38683
-51051
-53333
-43214
-22066
5348
32272
52010
59962
55001
39716
19484
657
-11510
-14529
-9374
0
8148
10131
3335
-11508
-30435
-47493
-56685
-53987
-38760
-14088
14088
38760
53987
56685
47493
30435
11508
-3335
-10131
-8148
0
9374
14529
11510
-657
-19484
-39716
-55001
-59962
-52010
-32272
-5348
22066
43214
53333
51051
38683
21336
5137
-4833
-6198
0
9767
17636
18663
10252
-6801
-28409
-48429
-60610
-60638
-47589
-24309
3412
28602
45242
50072
43493
29269
13152
894
-3698
0
9292
19176
24157
20250
6487
-14579
-37555
-55872
-63878
-58677
-41110
-15545
11448
33131
44645
44439
34601
19999
6542
-869
0
7991
19012
27505
28449
19198
548
-23343
-46170
-61443
-64552
-54258
-33122
-6723
18076
35250
41436
36858
25068
11609
2038
0
5981
17158
28409
34120
30203
15625
-7057
-32365
-53548
-64691
-62585
-47755
-24296
1415
22723
34752
35840
27911
15644
4763
0
3439
13780
26789
36760
38524
29314
9856
-15684
-40895
-59081
-65351
-58145
-39711
-15372
8178
24979
31638
28273
18289
7065
0
591
9178
22788
36133
43423
40399
25893
2390
-24608
-48222
-62310
-63368
-51597
-30793
-7095
12987
24625
26123
19309
8739
0
-2309
3760
16763
32295
44463
47894
39629
20251
-6135
-33079
-53733
-62961
-58899
-43477
-21737
-159
15423
21652
18614
9637
0
-5004
-1992
9248
25588
41552
51133
49844
36314
12883
-14996
-40382
-56960
-60967
-52299
-34447
-13291
4851
15257
16264
9678
0
-7254
-7567
911
16608
34950
49829
55631
49150
30757
4419
-23442
-45897
-57618
-56474
-44097
-25241
-6152
7506
12469
8860
0
-8860
-12469
-7506
6152
25241
44097
56474
57618
45897
23442
-4419
-30757
-49150
-55631
-49829
-34950
-16608
-911
7567
7254
0
-9678
-16264
-15257
-4851
13291
34447
52299
60967
56960
40382
14996
-12883
-36314
-49844
-51133
-41552
-25588
-9248
1992
5004
0
-9637
-18614
-21652
-15423
159
21737
43477
58899
62961
53733
33079
6135
-20251
-39629
-47894
-44463
-32295
-16763
-3760
2309
0
-8739
-19309
-26123
-24625
-12987
7095
30793
51597
63368
62310
48222
24608
-2390
-25893
-40399
-43423
-36133
-22788
-9178
-591
0
-7065
-18289
-28273
-31638
-24979
-8178
15372
39711
58145
65351
59081
40895
15684
-9856
-29314
-38524
-36760
-26789
-13780
-3439
0
-4763
-15644
-27911
-35840
-34752
-22723
-1415
24296
47755
62585
64691
53548
32365
7057
-15625
-30203
-34120
-28409
-17158
-5981
0
-2038
-11609
-25068
-36858
-41436
-35250
-18076
6723
33122
54258
64552
61443
46170
23343
-548
-19198
-28449
-27505
-19012
-7991
0
869
-6542
-19999
-34601
-44439
-44645
-33131
-11448
15545
41110
58677
63878
55872
37555
14579
-6487
-20250
-24157
-19176
-9292
0
3698
-894
-13152
-29269
-43493
-50072
-45242
-28602
-3412
24309
47589
60638
60610
48429
28409
6801
-10252
-18663
-17636
-9767
0
6198
4833
-5137
-21336
-38683
-51051
-53333
-43214
-22066
5348
32272
52010
59962
55001
39716
19484
657
-11510
-14529
-9374
0
8148
10131
3335
-11508
-30435
-47493
-56685
-53987
-38760
-14088
14088
38760
53987
56685
47493
30435
11508
-3335
-10131
-8148
0
9374
14529
11510
-657
-19484
-39716
-55001
-59962
-52010
-32272
-5348
22066
43214
53333
51051
38683
21336
5137
-4833
-6198
0
9767
17636
18663
10252
-6801
-28409
-48429
-60610
-60638
-47589
-24309
3412
28602
45242
50072
43493
29269
13152
894
-3698
0
9292
19176
24157
20250
6487
-14579
-37555
-55872
-63878
-58677
-41110
-15545
11448
33131
44645
44439
34601
19999
6542
-869
0
7991
19012
27505
28449
19198
548
-23343
-46170
-61443
-64552
-54258
-33122
-6723
18076
35250
41436
36858
25068
11609
2038
0
5981
17158
28409
34120
30203
15625
-7057
-32365
-53548
-64691
-62585
-47755
-24296
1415
22723
34752
35840
27911
15644
4763
0
3439
13780
26789
36760
38524
29314
9856
-15684
-40895
-59081
-65351
-58145
-39711
-15372
8178
24979
31638
28273
18289
7065
0
591
9178
22788
36133
43423
40399
25893
2390
-24608
-48222
-62310
-63368
-51597
-30793
-7095
12987
24625
26123
19309
8739
0
-2309
3760
16763
32295
44463
47894
39629
20251
-6135
-33079
-53733
-62961
-58899
-43477
-21737
-159
15423
21652
18614
9637
0
-5004
-1992
9248
25588
41552
51133
49844
36314
12883
-14996
-40382
-56960
-60967
-52299
-34447
-13291
4851
15257
16264
9678
0
-7254
-7567
911
16608
34950
49829
55631
49150
30757
4419
-23442
-45897
-57618
-56474
-44097
-25241
-6152
7506
12469
8860
0
-8860
-12469
-7506
6152
25241
44097
56474
57618
45897
23442
-4419
-30757
-49150
-55631
-49829
-34950
-16608
-911
7567
7254
0
-9678
-16264
-15257
-4851
13291
34447
52299
60967
56960
40382
14996
-12883
-36314
-49844
-51133
-41552
-25588
-9248
1992
5004
0
-9637
-18614
-21652
-15423
159
21737
43477
58899
62961
53733
33079
6135
-20251
-39629
-47894
-44463
-32295
-16763
-3760
2309
0
-8739
-19309
-26123
-24625
-12987
7095
30793
51597
63368
62310
48222
24608
-2390
-25893
-40399
-43423
-36133
-22788
-9178
-591
0
-7065
-18289
-28273
-31638
-24979
-8178
15372
39711
58145
65351
59081
40895
15684
-9856
-29314
-38524
-36760
-26789
-13780
-3439
0
-4763
-15644
-27911
-35840
-34752
-22723
-1415
24296
47755
62585
64691
53548
32365
7057
-15625
-30203
-34120
-28409
-17158
-5981
0
-2038
-11609
-25068
-36858
-41436
-35250
-18076
6723
33122
54258
64552
61443
46170
23343
-548
-19198
-28449
-27505
-19012
-7991
0
869
-6542
-19999
-34601
-44439
-44645
-33131
-11448
15545
41110
58677
63878
55872
37555
14579
-6487
-20250
-24157
-19176
-9292
0
3698
-894
-13152
-29269
-43493
-50072
-45242
-28602
-3412
24309
47589
60638
60610
48429
28409
6801
-10252
-18663
-17636
-9767
0
6198
4833
-5137
-21336
-38683
-51051
-53333
-43214
-22066
5348
32272
52010
59962
55001
39716
19484
657
-11510
-14529
-9374
0
8148
10131
3335
-11508
-30435
-47493
-56685
-53987
-38760
-14088
14088
38760
53987
56685
47493
30435
11508
-3335
-10131
-8148
0
9374
14529
11510
-657
-19484
-39716
-55001
-59962
-52010
-32272
-5348
22066
43214
53333
51051
38683
21336
5137
-4833
-6198
0
9767
17636
18663
10252
-6801
-28409
-48429
-60610
-60638
-47589
-24309
3412
28602
45242
50072
43493
29269
13152
894
-3698
0
9292
19176
24157
20250
6487
-14579
-37555
-55872
-63878
-58677
-41110
-15545
11448
33131
44645
44439
34601
19999
6542
-869
0
7991
19012
27505
28449
19198
548
-23343
-46170
-61443
-64552
-54258
-33122
-6723
18076
35250
41436
36858
25068
11609
2038
0
5981
17158
28409
34120
30203
15625
-7057
-32365
-53548
-64691
-62585
-47755
-24296
1415
22723
34752
35840
27911
15644
4763
0
3439
13780
26789
36760
38524
29314
9856
-15684
-40895
-59081
-65351
-58145
-39711
-15372
8178
24979
31638
28273
18289
7065
0
591
9178
22788
36133
43423
40399
25893
2390
-24608
-48222
-62310
-63368
-51597
-30793
-7095
12987
24625
26123
19309
8739
0
-2309
3760
16763
32295
44463
47894
39629
20251
-6135
-33079
-53733
-62961
-58899
-43477
-21737
-159
15423
21652
18614
9637
0
-5004
-1992
9248
25588
41552
51133
49844
36314
12883
-14996
-40382
-56960
-60967
-52299
-34447
-13291
4851
15257
16264
9678
0
-7254
-7567
911
16608
34950
49829
55631
49150
30757
4419
-23442
-45897
-57618
-56474
-44097
-25241
-6152
7506
12469
8860
0
-8860
-12469
-7506
6152
25241
44097
56474
57618
45897
23442
-4419
-30757
-49150
-55631
-49829
-34950
-16608
-911
7567
7254
0
-9678
-16264
-15257
-4851
13291
34447
52299
60967
56960
40382
14996
-12883
-36314
-49844
-51133
-41552
-25588
-9248
1992
5004
0
-9637
-18614
-21652
-15423
159
21737
43477
58899
62961
53733
33079
6135
-20251
-39629
-47894
-44463
-32295
-16763
-3760
2309
0
-8739
-19309
-26123
-24625
-12987
7095
30793
51597
63368
62310
48222
24608
-2390
-25893
-40399
-43423
-36133
-22788
-9178
-591
0
-7065
-18289
-28273
-31638
-24979
-8178
15372
39711
58145
65351
59081
40895
15684
-9856
-29314
-38524
-36760
-26789
-13780
-3439
0
-4763
-15644
-27911
-35840
-34752
-22723
-1415
24296
47755
62585
64691
53548
32365
7057
-15625
-30203
-34120
-28409
-17158
-5981
0
-2038
-11609
-25068
-36858
-41436
-35250
-18076
6723
33122
54258
64552
61443
46170
23343
-548
-19198
-28449
-27505
-19012
-7991
0
869
-6542
-19999
-34601
-44439
-44645
-33131
-11448
15545
41110
58677
63878
55872
37555
14579
-6487
-20250
-24157
-19176
-9292
0
3698
-894
-13152
-29269
-43493
-50072
-45242
-28602
-3412
24309
47589
60638
60610
48429
28409
6801
-10252
-18663
-17636
-9767
0
6198
4833
-5137
-21336
-38683
-51051
-53333
-43214
-22066
5348
32272
52010
59962
55001
39716
19484
657
-11510
-14529
-9374
0
8148
10131
3335
-11508
-30435
-47493
-56685
-53987
-38760
-14088
14088
38760
53987
56685
47493
30435
11508
-3335
-10131
-8148
0
9374
14529
11510
-657
-19484
-39716
-55001
-59962
-52010
-32272
-5348
22066
43214
53333
51051
38683
21336
5137
-4833
-6198
0
9767
17636
18663
10252
-6801
-28409
-48429
-60610
-60638
-47589
-24309
3412
28602
45242
50072
43493
29269
13152
894
-3698
0
9292
19176
24157
20250
6487
-14579
-37555
-55872
-63878
-58677
-41110
-15545
11448
33131
44645
44439
34601
19999
6542
-869
0
7991
19012
27505
28449
19198
548
-23343
-46170
-61443
-64552
-54258
-33122
-6723
18076
35250
41436
36858
25068
11609
2038
0
5981
17158
28409
34120
30203
15625
-7057
-32365
-53548
-64691
-62585
-47755
-24296
1415
22723
34752
35840
27911
15644
4763
0
3439
13780
26789
36760
38524
29314
9856
-15684
-40895
-59081
-65351
-58145
-39711
-15372
8178
24979
31638
28273
18289
7065
0
591
9178
22788
36133
43423
40399
25893
2390
-24608
-48222
-62310
-63368
-51597
-30793
-7095
12987
24625
26123
19309
8739
0
-2309
3760
16763
32295
44463
47894
39629
20251
-6135
-33079
-53733
-62961
-58899
-43477
-21737
-159
15423
21652
18614
9637
0
-5004
-1992
9248
25588
41552
51133
49844
36314
12883
-14996
-40382
-56960
-60967
-52299
-34447
-13291
4851
15257
16264
9678
0
-7254
-7567
911
16608
34950
49829
55631
49150
30757
4419
-23442
-45897
-57618
-56474
-44097
-25241
-6152
7506
12469
8860
0
-8860
-12469
-7506
6152
25241
44097
56474
57618
45897
23442
-4419
-30757
-49150
-55631
-49829
-34950
-16608
-911
7567
7254
0
-9678
-16264
-15257
-4851
13291
34447
52299
60967
56960
40382
14996
-12883
-36314
-49844
-51133
-41552
-25588
-9248
1992
5004
0
-9637
-18614
-21652
-15423
159
21737
43477
58899
62961
53733
33079
6135
-20251
-39629
-47894
-44463
-32295
-16763
-3760
2309
0
-8739
-19309
-26123
-24625
-12987
7095
30793
51597
63368
62310
48222
24608
-2390
-25893
-40399
-43423
-36133
-22788
-9178
-591
0
-7065
-18289
-28273
-31638
-24979
-8178
15372
39711
58145
65351
59081
40895
15684
-9856
-29314
-38524
-36760
-26789
-13780
-3439
0
-4763
-15644
-27911
-35840
-34752
-22723
-1415
24296
47755
62585
64691
53548
32365
7057
-15625
-30203
-34120
-28409
-17158
-5981
0
-2038
-11609
-25068
-36858
-41436
-35250
-18076
6723
33122
54258
64552
61443
46170
23343
-548
-19198
-28449
-27505
-19012
-7991
0
869
-6542
-19999
-34601
-44439
-44645
-33131
-11448
15545
41110
58677
63878
55872
37555
14579
-6487
-20250
-24157
-19176
-9292
0
3698
-894
-13152
-29269
-43493
-50072
-45242
-28602
-3412
24309
47589
60638
60610
48429
28409
6801
-10252
-18663
-17636
-9767
0
6198
4833
-5137
-21336
-38683
-51051
-53333
-43214
-22066
5348
32272
52010
59962
55001
39716
19484
657
-11510
-14529
-9374
0
8148
10131
3335
-11508
-30435
-47493
-56685
-53987
-38760
-14088
14088
38760
53987
56685
47493
30435
11508
-3335
-10131
-8148
0
9374
14529
11510
-657
-19484
-39716
-55001
-59962
-52010
-32272
-5348
22066
43214
53333
51051
38683
21336
5137
-4833
-6198
0
9767
17636
18663
10252
-6801
-28409
-48429
-60610
-60638
-47589
-24309
3412
28602
45242
50072
43493
29269
13152
894
-3698
0
9292
19176
24157
20250
6487
-14579
-37555
-55872
-63878
-58677
-41110
-15545
11448
33131
44645
44439
34601
19999
6542
-869
0
7991
19012
27505
28449
19198
548
-23343
-46170
-61443
-64552
-54258
-33122
-6723
18076
35250
41436
36858
25068
11609
2038
0
5981
17158
28409
34120
30203
15625
-7057
-32365
-53548
-64691
-62585
-47755
-24296
1415
22723
34752
35840
27911
15644
4763
0
3439
13780
26789
36760
38524
29314
9856
-15684
-40895
-59081
-65351
-58145
-39711
-15372
8178
24979
31638
28273
18289
7065
0
591
9178
22788
36133
43423
40399
25893
2390
-24608
-48222
-62310
-63368
-51597
-30793
-7095
12987
24625
26123
19309
8739
0
-2309
3760
16763
32295
44463
47894
39629
20251
-6135
-33079
-53733
-62961
-58899
-43477
-21737
-159
15423
21652
18614
9637
0
-5004
-1992
9248
25588
41552
51133
49844
36314
12883
-14996
-40382
-56960
-60967
-52299
-34447
-13291
4851
15257
16264
9678
0
-7254
-7567
911
16608
34950
49829
55631
49150
30757
4419
-23442
-45897
-57618
-56474
-44097
-25241
-6152
7506
12469
8860
0
-8860
-12469
-7506
6152
25241
44097
56474
57618
45897
23442
-4419
-30757
-49150
-55631
-49829
-34950
-16608
-911
7567
7254
0
-9678
-16264
-15257
-4851
13291
34447
52299
60967
56960
40382
14996
-12883
-36314
-49844
-51133
-41552
-25588
-9248
1992
5004
0
-9637
-18614
-21652
-15423
159
21737
43477
58899
62961
53733
33079
6135
-20251
-39629
-47894
-44463
-32295
-16763
-3760
2309
0
-8739
-19309
-26123
-24625
-12987
7095
30793
51597
63368
62310
48222
24608
-2390
-25893
-40399
-43423
-36133
-22788
-9178
-591
0
-7065
-18289
-28273
-31638
-24979
-8178
15372
39711
58145
65351
59081
40895
15684
-9856
-29314
-38524
-36760
-26789
-13780
-3439
0
-4763
-15644
-27911
-35840
-34752
-22723
-1415
24296
47755
62585
64691
53548
32365
7057
-15625
-30203
-34120
-28409
-17158
-5981
0
-2038
-11609
-25068
-36858
-41436
-35250
-18076
6723
33122
54258
64552
61443
46170
23343
-548
-19198
-28449
-27505
-19012
-7991
0
869
-6542
-19999
-34601
-44439
-44645
-33131
-11448
15545
41110
58677
63878
55872
37555
14579
-6487
-20250
-24157
-19176
-9292
0
3698
-894
-13152
-29269
-43493
-50072
-45242
-28602
-3412
24309
47589
60638
60610
48429
28409
6801
-10252
-18663
-17636
-9767
0
6198
4833
-5137
-21336
-38683
-51051
-53333
-43214
-22066
5348
32272
52010
59962
55001
39716
19484
657
-11510
-14529
-9374
0
8148
10131
3335
-11508
-30435
-47493
-56685
-53987
-38760
-14088
14088
38760
53987
56685
47493
30435
11508
-3335
-10131
-8148
0
9374
14529
11510
-657
-19484
-39716
-55001
-59962
-52010
-32272
-5348
22066
43214
53333
51051
38683
21336
5137
-4833
-6198
0
9767
17636
18663
10252
-6801
-28409
-48429
-60610
-60638
-47589
-24309
3412
28602
45242
50072
43493
29269
13152
894
-3698
0
9292
19176
24157
20250
6487
-14579
-37555
-55872
-63878
-58677
-41110
-15545
11448
33131
44645
44439
34601
19999
6542
-869
0
7991
19012
27505
28449
19198
548
-23343
-46170
-61443
-64552
-54258
-33122
-6723
18076
35250
41436
36858
25068
11609
2038
0
5981
17158
28409
34120
30203
15625
-7057
-32365
-53548
-64691
-62585
-47755
-24296
1415
22723
34752
35840
27911
15644
4763
0
3439
13780
26789
36760
38524
29314
9856
-15684
-40895
-59081
-65351
-58145
-39711
-15372
8178
24979
31638
28273
18289
7065
0
591
9178
22788
36133
43423
40399
25893
2390
-24608
-48222
-62310
-63368
-51597
-30793
-7095
12987
24625
26123
19309
8739
0
-2309
3760
16763
32295
44463
47894
39629
20251
-6135
-33079
-53733
-62961
-58899
-43477
-21737
-159
15423
21652
18614
9637
0
-5004
-1992
9248
25588
41552
51133
49844
36314
12883
-14996
-40382
-56960
-60967
-52299
-34447
-13291
4851
15257
16264
9678
0
-7254
-7567
911
16608
34950
49829
55631
49150
30757
4419
-23442
-45897
-57618
-56474
-44097
-25241
-6152
7506
12469
8860
0
-8860
-12469
-7506
6152
25241
44097
56474
57618
45897
23442
-4419
-30757
-49150
-55631
-49829
-34950
-16608
-911
7567
7254
0
-9678
-16264
-15257
-4851
13291
34447
52299
60967
56960
40382
14996
-12883
-36314
-49844
-51133
-41552
-25588
-9248
1992
5004
0
-9637
-18614
-21652
-15423
159
21737
43477
58899
62961
53733
33079
6135
-20251
-39629
-47894
-44463
-32295
-16763
-3760
2309
0
-8739
-19309
-26123
-24625
-12987
7095
30793
51597
63368
62310
48222
24608
-2390
-25893
-40399
-43423
-36133
-22788
-9178
-591
0
-7065
-18289
-28273
-31638
-24979
-8178
15372
39711
58145
65351
59081
40895
15684
-9856
-29314
-38524
-36760
-26789
-13780
-3439
0
-4763
-15644
-27911
-35840
-34752
-22723
-1415
24296
47755
62585
64691
53548
32365
7057
-15625
-30203
-34120
-28409
-17158
-5981
0
-2038
-11609
-25068
-36858
-41436
-35250
-18076
6723
33122
54258
64552
61443
46170
23343
-548
-19198
-28449
-27505
-19012
-7991
0
869
-6542
-19999
-34601
-44439
-44645
-33131
-11448
15545
41110
58677
63878
55872
37555
14579
-6487
-20250
-24157
-19176
-9292
0
3698
-894
-13152
-29269
-43493
-50072
-45242
-28602
-3412
24309
47589
60638
60610
48429
28409
6801
-10252
-18663
-17636
-9767
0
6198
4833
-5137
-21336
-38683
-51051
-53333
-43214
-22066
5348
32272
52010
59962
55001
39716
19484
657
-11510
-14529
-9374
0
8148
10131
3335
-11508
-30435
-47493
-56685
-53987
-38760
-14088
14088
38760
53987
56685
47493
30435
11508
-3335
-10131
-8148
0
9374
14529
11510
-657
-19484
-39716
-55001
-59962
-52010
-32272
-5348
22066
43214
53333
51051
38683
21336
5137
-4833
-6198
0
9767
17636
18663
10252
-6801
-28409
-48429
-60610
-60638
-47589
-24309
3412
28602
45242
50072
43493
29269
13152
894
-3698
0
9292
19176
24157
20250
6487
-14579
-37555
-55872
-63878
-58677
-41110
-15545
11448
33131
44645
44439
34601
19999
6542
-869
0
7991
19012
27505
28449
19198
548
-23343
-46170
-61443
-64552
-54258
-33122
-6723
18076
35250
41436
36858
25068
11609
2038
0
5981
17158
28409
34120
30203
15625
-7057
-32365
-53548
-64691
-62585
-47755
-24296
1415
22723
34752
35840
27911
15644
4763
0
3439
13780
26789
36760
38524
29314
9856
-15684
-40895
-59081
-65351
-58145
-39711
-15372
8178
24979
31638
28273
18289
7065
0
591
9178
22788
36133
43423
40399
25893
2390
-24608
-48222
-62310
-63368
-51597
-30793
-7095
12987
24625
26123
19309
8739
0
-2309
3760
16763
32295
44463
47894
39629
20251
-6135
-33079
-53733
-62961
-58899
-43477
-21737
-159
15423
21652
18614
9637
0
-5004
-1992
9248
25588
41552
51133
49844
36314
12883
-14996
-40382
-56960
-60967
-52299
-34447
-13291
4851
15257
16264
9678
0
-7254
-7567
911
16608
34950
49829
55631
49150
30757
4419
-23442
-45897
-57618
-56474
-44097
-25241
-6152
7506
12469
8860
0
-8860
-12469
-7506
6152
25241
44097
56474
57618
45897
23442
-4419
-30757
-49150
-55631
-49829
-34950
-16608
-911
7567
7254
0
-9678
-16264
-15257
-4851
13291
34447
52299
60967
56960
40382
14996
-12883
-36314
-49844
-51133
-41552
-25588
-9248
1992
5004
0
-9637
-18614
-21652
-15423
159
21737
43477
58899
62961
53733
33079
6135
-20251
-39629
-47894
-44463
-32295
-16763
-3760
2309
0
-8739
-19309
-26123
-24625
-12987
7095
30793
51597
63368
62310
48222
24608
-2390
-25893
-40399
-43423
-36133
-22788
-9178
-591
0
-7065
-18289
-28273
-31638
-24979
-8178
15372
39711
58145
65351
59081
40895
15684
-9856
-29314
-38524
-36760
-26789
-13780
-3439
0
-4763
-15644
-27911
-35840
-34752
-22723
-1415
24296
47755
62585
64691
53548
32365
7057
-15625
-30203
-34120
-28409
-17158
-5981
0
-2038
-11609
-25068
-36858
-41436
-35250
-18076
6723
33122
54258
64552
61443
46170
23343
-548
-19198
-28449
-27505
-19012
-7991
0
869
-6542
-19999
-34601
-44439
-44645
-33131
-11448
15545
41110
58677
63878
55872
37555
14579
-6487
-20250
-24157
-19176
-9292
0
3698
-894
-13152
-29269
-43493
-50072
-45242
-28602
-3412
24309
47589
60638
60610
48429
28409
6801
-10252
-18663
-17636
-9767
0
6198
4833
-5137
-21336
-38683
-51051
-53333
-43214
-22066
5348
32272
52010
59962
55001
39716
19484
657
-11510
-14529
-9374
0
8148
10131
3335
-11508
-30435
-47493
-56685
-53987
-38760
-14088
14088
38760
53987
56685
47493
30435
11508
-3335
-10131
-8148
0
9374
14529
11510
-657
-19484
-39716
-55001
-59962
-52010
-32272
-5348
22066
43214
53333
51051
38683
21336
5137
-4833
-6198
0
9767
17636
18663
10252
-6801
-28409
-48429
-60610
-60638
-47589
-24309
3412
28602
45242
50072
43493
29269
13152
894
-3698
0
9292
19176
24157
20250
6487
-14579
-37555
-55872
-63878
-58677
-41110
-15545
11448
33131
44645
44439
34601
19999
6542
-869
0
7991
19012
27505
28449
19198
548
-23343
-46170
-61443
-64552
-54258
-33122
-6723
18076
35250
41436
36858
25068
11609
2038
0
5981
17158
28409
34120
30203
15625
-7057
-32365
-53548
-64691
-62585
-47755
-24296
1415
22723
34752
35840
27911
15644
4763
0
3439
13780
26789
36760
38524
29314
9856
-15684
-40895
-59081
-65351
-58145
-39711
-15372
8178
24979
31638
28273
18289
7065
0
591
9178
22788
36133
43423
40399
25893
2390
-24608
-48222
-62310
-63368
-51597
-30793
-7095
12987
24625
26123
19309
8739
0
-2309
3760
16763
32295
44463
47894
39629
20251
-6135
-33079
-53733
-62961
-58899
-43477
-21737
-159
15423
21652
18614
9637
0
-5004
-1992
9248
25588
41552
51133
49844
36314
12883
-14996
-40382
-56960
-60967
-52299
-34447
-13291
4851
15257
16264
9678
0
-7254
-7567
911
16608
34950
49829
55631
49150
30757
4419
-23442
-45897
-57618
-56474
-44097
-25241
-6152
7506
12469
8860
0
-8860
-12469
-7506
6152
25241
44097
56474
57618
45897
23442
-4419
-30757
-49150
-55631
-49829
-34950
-16608
-911
7567
7254
0
-9678
-16264
-15257
-4851
13291
34447
52299
60967
56960
40382
14996
-12883
-36314
-49844
-51133
-41552
-25588
-9248
1992
5004
0
-9637
-18614
-21652
-15423
159
21737
43477
58899
62961
53733
33079
6135
-20251
-39629
-47894
-44463
-32295
-16763
-3760
2309
0
-8739
-19309
-26123
-24625
-12987
7095
30793
51597
63368
62310
48222
24608
-2390
-25893
-40399
-43423
-36133
-22788
-9178
-591
0
-7065
-18289
-28273
-31638
-24979
-8178
15372
39711
58145
65351
59081
40895
15684
-9856
-29314
-38524
-36760
-26789
-13780
-3439
0
-4763
-15644
-27911
-35840
-34752
-22723
-1415
24296
47755
62585
64691
53548
32365
7057
-15625
-30203
-34120
-28409
-17158
-5981
0
-2038
-11609
-25068
-36858
-41436
-35250
-18076
6723
33122
54258
64552
61443
46170
23343
-548
-19198
-28449
-27505
-19012
-7991
0
869
-6542
-19999
-34601
-44439
-44645
-33131
-11448
15545
41110
58677
63878
55872
37555
14579
-6487
-20250
-24157
-19176
-9292
0
3698
-894
-13152
-29269
-43493
-50072
-45242
-28602
-3412
24309
47589
60638
60610
48429
28409
6801
-10252
-18663
-17636
-9767
0
6198
4833
-5137
-21336
-38683
-51051
-53333
-43214
-22066
5348
32272
52010
59962
55001
39716
19484
657
-11510
-14529
-9374
0
8148
10131
3335
-11508
-30435
-47493
-56685
-53987
-38760
-14088
14088
38760
53987
56685
47493
30435
11508
-3335
-10131
-8148
0
9374
14529
11510
-657
-19484
-39716
-55001
-59962
-52010
-32272
-5348
22066
43214
53333
51051
38683
21336
5137
-4833
-6198
0
9767
17636
18663
10252
-6801
-28409
-48429
-60610
-60638
-47589
-24309
3412
28602
45242
50072
43493
29269
13152
894
-3698
0
9292
19176
24157
20250
6487
-14579
-37555
-55872
-63878
-58677
-41110
-15545
11448
33131
44645
44439
34601
19999
6542
-869
0
7991
19012
27505
28449
19198
548
-23343
-46170
-61443
-64552
-54258
-33122
-6723
18076
35250
41436
36858
25068
11609
2038
0
5981
17158
28409
34120
30203
15625
-7057
-32365
-53548
-64691
-62585
-47755
-24296
1415
22723
34752
35840
27911
15644
4763
0
3439
13780
26789
36760
38524
29314
9856
-15684
-40895
-59081
-65351
-58145
-39711
-15372
8178
24979
31638
28273
18289
7065
0
591
9178
22788
36133
43423
40399
25893
2390
-24608
-48222
-62310
-63368
-51597
-30793
-7095
12987
24625
26123
19309
8739
0
-2309
3760
16763
32295
44463
47894
39629
20251
-6135
-33079
-53733
-62961
-58899
-43477
-21737
-159
15423
21652
18614
9637
0
-5004
-1992
9248
25588
41552
51133
49844
36314
12883
-14996
-40382
-56960
-60967
-52299
-34447
-13291
4851
15257
16264
9678
0
-7254
-7567
911
16608
34950
49829
55631
49150
30757
4419
-23442
-45897
-57618
-56474
-44097
-25241
-6152
7506
12469
8860
0
-8860
-12469
-7506
6152
25241
44097
56474
57618
45897
23442
-4419
-30757
-49150
-55631
-49829
-34950
-16608
-911
7567
7254
0
-9678
-16264
-15257
-4851
13291
34447
52299
60967
56960
40382
14996
-12883
-36314
-49844
-51133
-41552
-25588
-9248
1992
5004
0
-9637
-18614
-21652
-15423
159
21737
43477
58899
62961
53733
33079
6135
-20251
-39629
-47894
-44463
-32295
-16763
-3760
2309
0
-8739
-19309
-26123
-24625
-12987
7095
30793
51597
63368
62310
48222
24608
-2390
-25893
-40399
-43423
-36133
-22788
-9178
-591
0
-7065
-18289
-28273
-31638
-24979
-8178
15372
39711
58145
65351
59081
40895
15684
-9856
-29314
-38524
-36760
-26789
-13780
-3439
0
-4763
-15644
-27911
-35840
-34752
-22723
-1415
24296
47755
62585
64691
53548
32365
7057
-15625
-30203
-34120
-28409
-17158
-5981
0
-2038
-11609
-25068
-36858
-41436
-35250
-18076
6723
33122
54258
64552
61443
46170
23343
-548
-19198
-28449
-27505
-19012
-7991
0
869
-6542
-19999
-34601
-44439
-44645
-33131
-11448
15545
41110
58677
63878
55872
37555
14579
-6487
-20250
-24157
-19176
-9292
0
3698
-894
-13152
-29269
-43493
-50072
-45242
-28602
-3412
24309
47589
60638
60610
48429
28409
6801
-10252
-18663
-17636
-9767
0
6198
4833
-5137
-21336
-38683
-51051
-53333
-43214
-22066
5348
32272
52010
59962
55001
39716
19484
657
-11510
-14529
-9374
0
8148
10131
3335
-11508
-30435
-47493
-56685
-53987
-38760
-14088
14088
38760
53987
56685
47493
30435
11508
-3335
-10131
-8148
0
9374
14529
11510
-657
-19484
-39716
-55001
-59962
-52010
-32272
-5348
22066
43214
53333
51051
38683
21336
5137
-4833
-6198
0
9767
17636
18663
10252
-6801
-28409
-48429
-60610
-60638
-47589
-24309
3412
28602
45242
50072
43493
29269
13152
894
-3698
0
9292
19176
24157
20250
6487
-14579
-37555
-55872
-63878
-58677
-41110
-15545
11448
33131
44645
44439
34601
19999
6542
-869
0
7991
19012
27505
28449
19198
548
-23343
-46170
-61443
-64552
-54258
-33122
-6723
18076
35250
41436
36858
25068
11609
2038
0
5981
17158
28409
34120
30203
15625
-7057
-32365
-53548
-64691
-62585
-47755
-24296
1415
22723
34752
35840
27911
15644
4763
0
3439
13780
26789
36760
38524
29314
9856
-15684
-40895
-59081
-65351
-58145
-39711
-15372
8178
24979
31638
28273
18289
7065
0
591
9178
22788
36133
43423
40399
25893
2390
-24608
-48222
-62310
-63368
-51597
-30793
-7095
12987
24625
26123
19309
8739
0
-2309
3760
16763
32295
44463
47894
39629
20251
-6135
-33079
-53733
-62961
-58899
-43477
-21737
-159
15423
21652
18614
9637
0
-5004
-1992
9248
25588
41552
51133
49844
36314
12883
-14996
-40382
-56960
-60967
-52299
-34447
-13291
4851
15257
16264
9678
0
-7254
-7567
911
16608
34950
49829
55631
49150
30757
4419
-23442
-45897
-57618
-56474
-44097
-25241
-6152
7506
12469
8860
0
-8860
-12469
-7506
6152
25241
44097
56474
57618
45897
23442
-4419
-30757
-49150
-55631
-49829
-34950
-16608
-911
7567
7254
0
-9678
-16264
-15257
-4851
13291
34447
52299
60967
56960
40382
14996
-12883
-36314
-49844
-51133
-41552
-25588
-9248
1992
5004
0
-9637
-18614
-21652
-15423
159
21737
43477
58899
62961
53733
33079
6135
-20251
-39629
-47894
-44463
-32295
-16763
-3760
2309
0
-8739
-19309
-26123
-24625
-12987
7095
30793
51597
63368
62310
48222
24608
-2390
-25893
-40399
-43423
-36133
-22788
-9178
-591
0
-7065
-18289
-28273
-31638
-24979
-8178
15372
39711
58145
65351
59081
40895
15684
-9856
-29314
-38524
-36760
-26789
-13780
-3439
0
-4763
-15644
-27911
-35840
-34752
-22723
-1415
24296
47755
62585
64691
53548
32365
7057
-15625
-30203
-34120
-28409
-17158
-5981
0
-2038
-11609
-25068
-36858
-41436
-35250
-18076
6723
33122
54258
64552
61443
46170
23343
-548
-19198
-28449
-27505
-19012
-7991
0
869
-6542
-19999
-34601
-44439
-44645
-33131
-11448
15545
41110
58677
63878
55872
37555
14579
-6487
-20250
-24157
-19176
-9292
0
3698
-894
-13152
-29269
-43493
-50072
-45242
-28602
-3412
24309
47589
60638
60610
48429
28409
6801
-10252
-18663
-17636
-9767
0
6198
4833
-5137
-21336
-38683
-51051
-53333
-43214
-22066
5348
32272
52010
59962
55001
39716
19484
657
-11510
-14529
-9374
0
8148
10131
3335
-11508
-30435
-47493
-56685
-53987
-38760
-14088
14088
38760
53987
56685
47493
30435
11508
-3335
-10131
-8148
0
9374
14529
11510
-657
-19484
-39716
-55001
-59962
-52010
-32272
-5348
22066
43214
53333
51051
38683
21336
5137
-4833
-6198
0
9767
17636
18663
10252
-6801
-28409
-48429
-60610
-60638
-47589
-24309
3412
28602
45242
50072
43493
29269
13152
894
-3698
0
9292
19176
24157
20250
6487
-14579
-37555
-55872
-63878
-58677
-41110
-15545
11448
33131
44645
44439
34601
19999
6542
-869
0
7991
19012
27505
28449
19198
548
-23343
-46170
-61443
-64552
-54258
-33122
-6723
18076
35250
41436
36858
25068
11609
2038
0
5981
17158
28409
34120
30203
15625
-7057
-32365
-53548
-64691
-62585
-47755
-24296
1415
22723
34752
35840
27911
15644
4763
0
3439
13780
26789
36760
38524
29314
9856
-15684
-40895
-59081
-65351
-58145
-39711
-15372
8178
24979
31638
28273
18289
7065
0
591
9178
22788
36133
43423
40399
25893
2390
-24608
-48222
-62310
-63368
-51597
-30793
-7095
12987
24625
26123
19309
8739
0
-2309
3760
16763
32295
44463
47894
39629
20251
-6135
-33079
-53733
-62961
-58899
-43477
-21737
-159
15423
21652
18614
9637
0
-5004
-1992
9248
25588
41552
51133
49844
36314
12883
-14996
-40382
-56960
-60967
-52299
-34447
-13291
4851
15257
16264
9678
0
-7254
-7567
911
16608
34950
49829
55631
49150
30757
4419
-23442
-45897
-57618
-56474
-44097
-25241
-6152
7506
12469
8860
0
-8860
-12469
-7506
6152
25241
44097
56474
57618
45897
23442
-4419
-30757
-49150
-55631
-49829
-34950
-16608
-911
7567
7254
0
-9678
-16264
-15257
-4851
13291
34447
52299
60967
56960
40382
14996
-12883
-36314
-49844
-51133
-41552
-25588
-9248
1992
5004
0
-9637
-18614
-21652
-15423
159
21737
43477
58899
62961
53733
33079
6135
-20251
-39629
-47894
-44463
-32295
-16763
-3760
2309
0
-8739
-19309
-26123
-24625
-12987
7095
30793
51597
63368
62310
48222
24608
-2390
-25893
-40399
-43423
-36133
-22788
-9178
-591
0
-7065
-18289
-28273
-31638
-24979
-8178
15372
39711
58145
65351
59081
40895
15684
-9856
-29314
-38524
-36760
-26789
-13780
-3439
0
-4763
-15644
-27911
-35840
-34752
-22723
-1415
24296
47755
62585
64691
53548
32365
7057
-15625
-30203
-34120
-28409
-17158
-5981
0
-2038
-11609
-25068
-36858
-41436
-35250
-18076
6723
33122
54258
64552
61443
46170
23343
-548
-19198
-28449
-27505
-19012
-7991
0
869
-6542
-19999
-34601
-44439
-44645
-33131
-11448
15545
41110
58677
63878
55872
37555
14579
-6487
-20250
-24157
-19176
-9292
0
3698
-894
-13152
-29269
-43493
-50072
-45242
-28602
-3412
24309
47589
60638
60610
48429
28409
6801
-10252
-18663
-17636
-9767
0
6198
4833
-5137
-21336
-38683
-51051
-53333
-43214
-22066
5348
32272
52010
59962
55001
39716
19484
657
-11510
-14529
-9374
0
8148
10131
3335
-11508
-30435
-47493
-56685
-53987
-38760
-14088
14088
38760
53987
56685
47493
30435
11508
-3335
-10131
-8148
0
9374
14529
11510
-657
-19484
-39716
-55001
-59962
-52010
-32272
-5348
22066
43214
53333
51051
38683
21336
5137
-4833
-6198
0
9767
17636
18663
10252
-6801
-28409
-48429
-60610
-60638
-47589
-24309
3412
28602
45242
50072
43493
29269
13152
894
-3698
0
9292
19176
24157
20250
6487
-14579
-37555
-55872
-63878
-58677
-41110
-15545
11448
33131
44645
44439
34601
19999
6542
-869
0
7991
19012
27505
28449
19198
548
-23343
-46170
-61443
-64552
-54258
-33122
-6723
18076
35250
41436
36858
25068
11609
2038
0
5981
17158
28409
34120
30203
15625
-7057
-32365
-53548
-64691
-62585
-47755
-24296
1415
22723
34752
35840
27911
15644
4763
0
3439
13780
26789
36760
38524
29314
9856
-15684
-40895
-59081
-65351
-58145
-39711
-15372
8178
24979
31638
28273
18289
7065
0
591
9178
22788
36133
43423
40399
25893
2390
-24608
-48222
-62310
-63368
-51597
-30793
-7095
12987
24625
26123
19309
8739
0
-2309
3760
16763
32295
44463
47894
39629
20251
-6135
-33079
-53733
-62961
-58899
-43477
-21737
-159
15423
21652
18614
9637
0
-5004
-1992
9248
25588
41552
51133
49844
36314
12883
-14996
-40382
-56960
-60967
-52299
-34447
-13291
4851
15257
16264
9678
0
-7254
-7567
911
16608
34950
49829
55631
49150
30757
4419
-23442
-45897
-57618
-56474
-44097
-25241
-6152
7506
12469
8860
0
-8860
-12469
-7506
6152
25241
44097
56474
57618
45897
23442
-4419
-30757
-49150
-55631
-49829
-34950
-16608
-911
7567
7254
0
-9678
-16264
-15257
-4851
13291
34447
52299
60967
56960
40382
14996
-12883
-36314
-49844
-51133
-41552
-25588
-9248
1992
5004
0
-9637
-18614
-21652
-15423
159
21737
43477
58899
62961
53733
33079
6135
-20251
-39629
-47894
-44463
-32295
-16763
-3760
2309
0
-8739
-19309
-26123
-24625
-12987
7095
30793
51597
63368
62310
48222
24608
-2390
-25893
-40399
-43423
-36133
-22788
-9178
-591
0
-7065
-18289
-28273
-31638
-24979
-8178
15372
39711
58145
65351
59081
40895
15684
-9856
-29314
-38524
-36760
-26789
-13780
-3439
0
-4763
-15644
-27911
-35840
-34752
-22723
-1415
24296
47755
62585
64691
53548
32365
7057
-15625
-30203
-34120
-28409
-17158
-5981
0
-2038
-11609
-25068
-36858
-41436
-35250
-18076
6723
33122
54258
64552
61443
46170
23343
-548
-19198
-28449
-27505
-19012
-7991
0
869
-6542
-19999
-34601
-44439
-44645
-33131
-11448
15545
41110
58677
63878
55872
37555
14579
-6487
-20250
-24157
-19176
-9292
0
3698
-894
-13152
-29269
-43493
-50072
-45242
-28602
-3412
24309
47589
60638
60610
48429
28409
6801
-10252
-18663
-17636
-9767
0
6198
4833
-5137
-21336
-38683
-51051
-53333
-43214
-22066
5348
32272
52010
59962
55001
39716
19484
657
-11510
-14529
-9374
0
8148
10131
3335
-11508
-30435
-47493
-56685
-53987
-38760
-14088
14088
38760
53987
56685
47493
30435
11508
-3335
-10131
-8148
0
9374
14529
11510
-657
-19484
-39716
-55001
-59962
-52010
-32272
-5348
22066
43214
53333
51051
38683
21336
5137
-4833
-6198
0
9767
17636
18663
10252
-6801
-28409
-48429
-60610
-60638
-47589
-24309
3412
28602
45242
50072
43493
29269
13152
894
-3698
0
9292
19176
24157
20250
6487
-14579
-37555
-55872
-63878
-58677
-41110
-15545
11448
33131
44645
44439
34601
19999
6542
-869
0
7991
19012
27505
28449
19198
548
-23343
-46170
-61443
-64552
-54258
-33122
-6723
18076
35250
41436
36858
25068
11609
2038
0
5981
17158
28409
34120
30203
15625
-7057
-32365
-53548
-64691
-62585
-47755
-24296
1415
22723
34752
35840
27911
15644
4763
0
3439
13780
26789
36760
38524
29314
9856
-15684
-40895
-59081
-65351
-58145
-39711
-15372
8178
24979
31638
28273
18289
7065
0
591
9178
22788
36133
43423
40399
25893
2390
-24608
-48222
-62310
-63368
-51597
-30793
-7095
12987
24625
26123
19309
8739
0
-2309
3760
16763
32295
44463
47894
39629
20251
-6135
-33079
-53733
-62961
-58899
-43477
-21737
-159
15423
21652
18614
9637
0
-5004
-1992
9248
25588
41552
51133
49844
36314
12883
-14996
-40382
-56960
-60967
-52299
-34447
-13291
4851
15257
16264
9678
0
-7254
-7567
911
16608
34950
49829
55631
49150
30757
4419
-23442
-45897
-57618
-56474
-44097
-25241
-6152
7506
12469
8860
0
-8860
-12469
-7506
6152
25241
44097
56474
57618
45897
23442
-4419
-30757
-49150
-55631
-49829
-34950
-16608
-911
7567
7254
0
-9678
-16264
-15257
-4851
13291
34447
52299
60967
56960
40382
14996
-12883
-36314
-49844
-51133
-41552
-25588
-9248
1992
5004
0
-9637
-18614
-21652
-15423
159
21737
43477
58899
62961
53733
33079
6135
-20251
-39629
-47894
-44463
-32295
-16763
-3760
2309
0
-8739
-19309
-26123
-24625
-12987
7095
30793
51597
63368
62310
48222
24608
-2390
-25893
-40399
-43423
-36133
-22788
-9178
-591
0
-7065
-18289
-28273
-31638
-24979
-8178
15372
39711
58145
65351
59081
40895
15684
-9856
-29314
-38524
-36760
-26789
-13780
-3439
0
-4763
-15644
-27911
-35840
-34752
-22723
-1415
24296
47755
62585
64691
53548
32365
7057
-15625
-30203
-34120
-28409
-17158
-5981
0
-2038
-11609
-25068
-36858
-41436
-35250
-18076
6723
33122
54258
64552
61443
46170
23343
-548
-19198
-28449
-27505
-19012
-7991
0
869
-6542
-19999
-34601
-44439
-44645
-33131
-11448
15545
41110
58677
63878
55872
37555
14579
-6487
-20250
-24157
-19176
-9292
0
3698
-894
-13152
-29269
-43493
-50072
-45242
-28602
-3412
24309
47589
60638
60610
48429
28409
6801
-10252
-18663
-17636
-9767
0
6198
4833
-5137
-21336
-38683
-51051
-53333
-43214
-22066
5348
32272
52010
59962
55001
39716
19484
657
-11510
-14529
-9374
0
8148
10131
3335
-11508
-30435
-47493
-56685
-53987
-38760
-14088
14088
38760
53987
56685
47493
30435
11508
-3335
-10131
-8148
0
9374
14529
11510
-657
-19484
-39716
-55001
-59962
-52010
-32272
-5348
22066
43214
53333
51051
38683
21336
5137
-4833
-6198
0
9767
17636
18663
10252
-6801
-28409
-48429
-60610
-60638
-47589
-24309
3412
28602
45242
50072
43493
29269
13152
894
-3698
0
9292
19176
24157
20250
6487
-14579
-37555
-55872
-63878
-58677
-41110
-15545
11448
33131
44645
44439
34601
19999
6542
-869
0
7991
19012
27505
28449
19198
548
-23343
-46170
-61443
-64552
-54258
-33122
-6723
18076
35250
41436
36858
25068
11609
2038
0
5981
17158
28409
34120
30203
15625
-7057
-32365
-53548
-64691
-62585
-47755
-24296
1415
22723
34752
35840
27911
15644
4763
0
3439
13780
26789
36760
38524
29314
9856
-15684
-40895
-59081
-65351
-58145
-39711
-15372
8178
24979
31638
28273
18289
7065
0
591
9178
22788
36133
43423
40399
25893
2390
-24608
-48222
-62310
-63368
-51597
-30793
-7095
12987
24625
26123
19309
8739
0
-2309
3760
16763
32295
44463
47894
39629
20251
-6135
-33079
-53733
-62961
-58899
-43477
-21737
-159
15423
21652
18614
9637
0
-5004
-1992
9248
25588
41552
51133
49844
36314
12883
-14996
-40382
-56960
-60967
-52299
-34447
-13291
4851
15257
16264
9678
0
-7254
-7567
911
16608
34950
49829
55631
49150
30757
4419
-23442
-45897
-57618
-56474
-44097
-25241
-6152
7506
12469
8860
0