0.945439
0.946131
0.948188
0.951563
0.956173
0.961907
0.968627
0.976168
0.984349
0.992969
1.001816
1.010674
1.019322
1.027545
1.035134
1.041896
1.047655
1.052257
1.055576
1.057515
1.058006
1.057020
1.054559
1.050664
1.045408
1.038900
1.031279
1.022716
1.013405
1.003563
0.993423
0.983232
0.973242
0.963707
0.954875
0.946986
0.940260
0.934899
0.931077
0.928936
0.928585
0.930093
0.933486
0.938751
0.945826
0.954609
0.964952
0.976664
0.989516
1.003243
1.017546
1.032099
1.046554
1.060546
1.073699
1.085634
1.095975
1.104354
1.110421
1.113847
1.114334
1.111614
1.105463
1.095698
1.082184
1.064837
1.043624
1.018569
0.989746
0.957284
0.921363
0.882213
0.840108
0.795366
0.748341
0.699417
0.649005
0.597535
0.545451
0.493200
0.441232
0.389985
0.339888
0.291345
0.244736
0.200410
0.158678
0.119813
0.084043
0.051550
0.022468
0.003117
0.025167
0.043693
0.058753
0.070447
0.078918
0.084347
0.086944
0.086954
0.084640
0.080288
0.074193
0.066662
0.058001
0.048514
0.038498
0.028235
0.017994
0.008019
0.001468
0.010272
0.018226
0.025195
0.031075
0.035793
0.039307
0.041606
0.042707
0.042653
0.041513
0.039375
0.036349
0.032555
0.028128
0.023211
0.017948
0.012486
0.006971
0.001540
0.003678
0.008563
0.013010
0.016931
0.020251
0.022916
0.024887
0.026147
0.026694
0.026544
0.025729
0.024297
0.022307
0.019831
0.016949
0.013747
0.010318
0.006754
0.003149
0.000406
0.003826
0.007029
0.009944
0.012509
0.014672
0.016393
0.017644
0.018410
0.018687
0.018485
0.017823
0.016734
0.015257
0.013441
0.011342
0.009021
0.006541
0.003971
0.001375
0.001180
0.003632
0.005922
0.008000
0.009817
0.011338
0.012531
0.013377
0.013863
0.013988
0.013757
0.013186
0.012297
0.011123
0.009698
0.008065
0.006270
0.004362
0.002392
0.000409
0.001535
0.003394
0.005123
0.006682
0.008037
0.009157
0.010021
0.010613
0.010924
0.010953
0.010705
0.010194
0.009437
0.008460
0.007291
0.005963
0.004514
0.002982
0.001408
0.000169
0.001708
0.003172
0.004527
0.005739
0.006783
0.007634
0.008276
0.008697
0.008890
0.008856
0.008599
0.008130
0.007466
0.006626
0.005635
0.004521
0.003314
0.002045
0.000749
0.000542
0.001796
0.002982
0.004072
0.005039
0.005862
0.006523
0.007007
0.007306
0.007416
0.007337
0.007074
0.006637
0.006040
0.005301
0.004440
0.003481
0.002451
0.001375
0.000283
0.000799
0.001844
0.002825
0.003720
0.004506
0.005166
0.005686
0.006054
0.006263
0.006311
0.006199
0.005932
0.005520
0.004974
0.004310
0.003548
0.002707
0.001811
0.000881
0.000057
0.000980
0.001865
0.002691
0.003437
0.004085
0.004621
0.005033
0.005312
0.005452
0.005453
0.005316
0.005047
0.004653
0.004147
0.003543
0.002857
0.002108
0.001316
0.000500
0.000317
0.001116
0.001876
0.002580
0.003208
0.003748
0.004186
0.004513
0.004721
0.004806
0.004769
0.004612
0.004340
0.003960
0.003485
0.002927
0.002302
0.001625
0.000915
0.000190
0.000532
0.001232
0.001893
0.002498
0.003033
0.003486
0.003845
0.004102
0.004253
0.004294
0.004226
0.004052
0.003776
0.003408
0.002957
0.002435
0.001858
0.001239
0.000595
0.000057
0.000702
0.001321
0.001902
0.002428
0.002887
0.003268
0.003562
0.003763
0.003867
0.003871
0.003777
0.003588
0.003309
0.002949
0.002518
0.002026
0.001488
0.000916
0.000327
0.000265
0.000845
0.001399
0.001912
0.002371
0.002767
0.003088
0.003328
0.003481
0.003544
0.003516
0.003399
0.003197
0.002914
0.002560
0.002144
0.001676
0.001169
0.000636
0.000092
0.000451
0.000977
0.001475
0.001932
0.002335
0.002676
0.002947
0.003140
0.003251
0.003279
0.003223
0.003086
0.002870
0.002584
0.002233
0.001828
0.001379
0.000898
0.000397
0.000110
0.000611
0.001093
0.001544
0.001952
0.002308
0.002602
0.002828
0.002981
0.003056
0.003053
0.002972
0.002815
0.002588
0.002295
0.001946
0.001550
0.001116
0.000656
0.000182
0.000294
0.000759
0.001202
0.001612
0.001979
0.002292
0.002546
0.002733
0.002848
0.002891
0.002859
0.002754
0.002579
0.002339
0.002040
0.001691
0.001299
0.000877
0.000434
0.000018
0.000467
0.000902
0.001312
0.001687
0.002017
0.002293
0.002510
0.002661
0.002744
0.002756
0.002697
0.002569
0.002376
0.002122
0.001816
0.001464
0.001075
0.000661
0.000231
0.000203
0.000631
0.001040
0.001422
0.001766
0.002063
0.002307
0.002490
0.002610
0.002661
0.002645
0.002560
0.002410
0.002199
0.001932
0.001616
0.001260
0.000872
0.000463
0.000044
0.000376
0.000785
0.001173
0.001530
0.001847
0.002115
0.002328
0.002481
0.002571
0.002593
0.002549
0.002440
0.002268
0.002039
0.001757
0.001430
0.001068
0.000678
0.000272
0.000141
0.000549
0.000943
0.001312
0.001647
0.001939
0.002181
0.002367
0.002491
0.002552
0.002547
0.002476
0.002342
0.002148
0.001899
0.001602
0.001263
0.000893
0.000499
0.000094
0.000314
0.000714
0.001095
0.001448
0.001763
0.002032
0.002250
0.002409
0.002506
0.002539
0.002506
0.002409
0.002250
0.002032
0.001763
0.001448
0.001095
0.000714
0.000314
0.000094
0.000499
0.000893
0.001263
0.001602
0.001899
0.002148
0.002342
0.002476
0.002547
0.002552
0.002491
0.002367
0.002181
0.001939
0.001647
0.001312
0.000943
0.000549
0.000141
0.000272
0.000678
0.001068
0.001430
0.001757
0.002039
0.002268
0.002440
0.002549
0.002593
0.002571
0.002481
0.002328
0.002115
0.001847
0.001530
0.001173
0.000785
0.000376
0.000044
0.000463
0.000872
0.001260
0.001616
0.001932
0.002199
0.002410
0.002560
0.002645
0.002661
0.002610
0.002490
0.002307
0.002063
0.001766
0.001422
0.001040
0.000631
0.000203
0.000231
0.000661
0.001075
0.001464
0.001816
0.002122
0.002376
0.002569
0.002697
0.002756
0.002744
0.002661
0.002510
0.002293
0.002017
0.001687
0.001312
0.000902
0.000467
0.000018
0.000434
0.000877
0.001299
0.001691
0.002040
0.002339
0.002579
0.002754
0.002859
0.002891
0.002848
0.002733
0.002546
0.002292
0.001979
0.001612
0.001202
0.000759
0.000294
0.000182
0.000656
0.001116
0.001550
0.001946
0.002295
0.002588
0.002815
0.002972
0.003053
0.003056
0.002981
0.002828
0.002602
0.002308
0.001952
0.001544
0.001093
0.000611
0.000110
0.000397
0.000898
0.001379
0.001828
0.002233
0.002584
0.002870
0.003086
0.003223
0.003279
0.003251
0.003140
0.002947
0.002676
0.002335
0.001932
0.001475
0.000977
0.000451
0.000092
0.000636
0.001169
0.001676
0.002144
0.002560
0.002914
0.003197
0.003399
0.003516
0.003544
0.003481
0.003328
0.003088
0.002767
0.002371
0.001912
0.001399
0.000845
0.000265
0.000327
0.000916
0.001488
0.002026
0.002518
0.002949
0.003309
0.003588
0.003777
0.003871
0.003867
0.003763
0.003562
0.003268
0.002887
0.002428
0.001902
0.001321
0.000702
0.000057
0.000595
0.001239
0.001858
0.002435
0.002957
0.003408
0.003776
0.004052
0.004226
0.004294
0.004253
0.004102
0.003845
0.003486
0.003033
0.002498
0.001893
0.001232
0.000532
0.000190
0.000915
0.001625
0.002302
0.002927
0.003485
0.003960
0.004340
0.004612
0.004769
0.004806
0.004721
0.004513
0.004186
0.003748
0.003208
0.002580
0.001876
0.001116
0.000317
0.000500
0.001316
0.002108
0.002857
0.003543
0.004147
0.004653
0.005047
0.005316
0.005453
0.005452
0.005312
0.005033
0.004621
0.004085
0.003437
0.002691
0.001865
0.000980
0.000057
0.000881
0.001811
0.002707
0.003548
0.004310
0.004974
0.005520
0.005932
0.006199
0.006311
0.006263
0.006054
0.005686
0.005166
0.004506
0.003720
0.002825
0.001844
0.000799
0.000283
0.001375
0.002451
0.003481
0.004440
0.005301
0.006040
0.006637
0.007074
0.007337
0.007416
0.007306
0.007007
0.006523
0.005862
0.005039
0.004072
0.002982
0.001796
0.000542
0.000749
0.002045
0.003314
0.004521
0.005635
0.006626
0.007466
0.008130
0.008599
0.008856
0.008890
0.008697
0.008276
0.007634
0.006783
0.005739
0.004527
0.003172
0.001708
0.000169
0.001408
0.002982
0.004514
0.005963
0.007291
0.008460
0.009437
0.010194
0.010705
0.010953
0.010924
0.010613
0.010021
0.009157
0.008037
0.006682
0.005123
0.003394
0.001535
0.000409
0.002392
0.004362
0.006270
0.008065
0.009698
0.011123
0.012297
0.013186
0.013757
0.013988
0.013863
0.013377
0.012531
0.011338
0.009817
0.008000
0.005922
0.003632
0.001180
0.001375
0.003971
0.006541
0.009021
0.011342
0.013441
0.015257
0.016734
0.017823
0.018485
0.018687
0.018410
0.017644
0.016393
0.014672
0.012509
0.009944
0.007029
0.003826
0.000406
0.003149
0.006754
0.010318
0.013747
0.016949
0.019831
0.022307
0.024297
0.025729
0.026544
0.026694
0.026147
0.024887
0.022916
0.020251
0.016931
0.013010
0.008563
0.003678
0.001540
0.006971
0.012486
0.017948
0.023211
0.028128
0.032555
0.036349
0.039375
0.041513
0.042653
0.042707
0.041606
0.039307
0.035793
0.031075
0.025195
0.018226
0.010272
0.001468
0.008019
0.017994
0.028235
0.038498
0.048514
0.058001
0.066662
0.074193
0.080288
0.084640
0.086954
0.086944
0.084347
0.078918
0.070447
0.058753
0.043693
0.025167
0.003117
0.022468
0.051550
0.084043
0.119813
0.158678
0.200410
0.244736
0.291345
0.339888
0.389985
0.441232
0.493200
0.545451
0.597535
0.649005
0.699417
0.748341
0.795366
0.840108
0.882213
0.921363
0.957284
0.989746
1.018569
1.043624
1.064837
1.082184
1.095698
1.105463
1.111614
1.114334
1.113847
1.110421
1.104354
1.095975
1.085634
1.073699
1.060546
1.046554
1.032099
1.017546
1.003243
0.989516
0.976664
0.964952
0.954609
0.945826
0.938751
0.933486
0.930093
0.928585
0.928936
0.931077
0.934899
0.940260
0.946986
0.954875
0.963707
0.973242
0.983232
0.993423
1.003563
1.013405
1.022716
1.031279
1.038900
1.045408
1.050664
1.054559
1.057020
1.058006
1.057515
1.055576
1.052257
1.047655
1.041896
1.035134
1.027545
1.019322
1.010674
1.001816
0.992969
0.984349
0.976168
0.968627
0.961907
0.956173
0.951563
0.948188
0.946131
