0.000000 0.000000
0.000025 -0.156434
0.000050 -0.309017
0.000075 -0.453990
0.000100 -0.587785
0.000125 -0.707107
0.000150 -0.809017
0.000175 -0.891007
0.000200 -0.951057
0.000225 -0.987688
0.000250 -1.000000
0.000275 -0.987688
0.000300 -0.951057
0.000325 -0.891007
0.000350 -0.809017
0.000375 -0.707107
0.000400 -0.587785
0.000425 -0.453990
0.000450 -0.309017
0.000475 -0.156434
0.000500 -0.000000
0.000525 0.156434
0.000550 0.309017
0.000575 0.453990
0.000600 0.587785
0.000625 0.707107
0.000650 0.809017
0.000675 0.891007
0.000700 0.951057
0.000725 0.987688
0.000750 1.000000
0.000775 0.987688
0.000800 0.951057
0.000825 0.891007
0.000850 0.809017
0.000875 0.707107
0.000900 0.587785
0.000925 0.453990
0.000950 0.309017
0.000975 0.156434
0.001000 0.000000
0.001025 -0.156434
0.001050 -0.309017
0.001075 -0.453990
0.001100 -0.587785
0.001125 -0.707107
0.001150 -0.809017
0.001175 -0.891007
0.001200 -0.951057
0.001225 -0.987688
0.001250 -1.000000
0.001275 -0.987688
0.001300 -0.951057
0.001325 -0.891007
0.001350 -0.809017
0.001375 -0.707107
0.001400 -0.587785
0.001425 -0.453990
0.001450 -0.309017
0.001475 -0.156434
0.001500 -0.000000
0.001525 0.156434
0.001550 0.309017
0.001575 0.453990
0.001600 0.587785
0.001625 0.707107
0.001650 0.809017
0.001675 0.891007
0.001700 0.951057
0.001725 0.987688
0.001750 1.000000
0.001775 0.987688
0.001800 0.951057
0.001825 0.891007
0.001850 0.809017
0.001875 0.707107
0.001900 0.587785
0.001925 0.453990
0.001950 0.309017
0.001975 0.156434
0.002000 0.000000
0.002025 -0.156434
0.002050 -0.309017
0.002075 -0.453990
0.002100 -0.587785
0.002125 -0.707107
0.002150 -0.809017
0.002175 -0.891007
0.002200 -0.951057
0.002225 -0.987688
0.002250 -1.000000
0.002275 -0.987688
0.002300 -0.951057
0.002325 -0.891007
0.002350 -0.809017
0.002375 -0.707107
0.002400 -0.587785
0.002425 -0.453990
0.002450 -0.309017
0.002475 -0.156434
0.002500 -0.000000
0.002525 0.156434
0.002550 0.309017
0.002575 0.453990
0.002600 0.587785
0.002625 0.707107
0.002650 0.809017
0.002675 0.891007
0.002700 0.951057
0.002725 0.987688
0.002750 1.000000
0.002775 0.987688
0.002800 0.951057
0.002825 0.891007
0.002850 0.809017
0.002875 0.707107
0.002900 0.587785
0.002925 0.453990
0.002950 0.309017
0.002975 0.156434
0.003000 0.000000
0.003025 -0.156434
0.003050 -0.309017
0.003075 -0.453990
0.003100 -0.587785
0.003125 -0.707107
0.003150 -0.809017
0.003175 -0.891007
0.003200 -0.951057
0.003225 -0.987688
0.003250 -1.000000
0.003275 -0.987688
0.003300 -0.951057
0.003325 -0.891007
0.003350 -0.809017
0.003375 -0.707107
0.003400 -0.587785
0.003425 -0.453990
0.003450 -0.309017
0.003475 -0.156434
0.003500 -0.000000
0.003525 0.156434
0.003550 0.309017
0.003575 0.453990
0.003600 0.587785
0.003625 0.707107
0.003650 0.809017
0.003675 0.891007
0.003700 0.951057
0.003725 0.987688
0.003750 1.000000
0.003775 0.987688
0.003800 0.951057
0.003825 0.891007
0.003850 0.809017
0.003875 0.707107
0.003900 0.587785
0.003925 0.453990
0.003950 0.309017
0.003975 0.156434
0.004000 0.000000
0.004025 -0.156434
0.004050 -0.309017
0.004075 -0.453990
0.004100 -0.587785
0.004125 -0.707107
0.004150 -0.809017
0.004175 -0.891007
0.004200 -0.951057
0.004225 -0.987688
0.004250 -1.000000
0.004275 -0.987688
0.004300 -0.951057
0.004325 -0.891007
0.004350 -0.809017
0.004375 -0.707107
0.004400 -0.587785
0.004425 -0.453990
0.004450 -0.309017
0.004475 -0.156434
0.004500 -0.000000
0.004525 0.156434
0.004550 0.309017
0.004575 0.453990
0.004600 0.587785
0.004625 0.707107
0.004650 0.809017
0.004675 0.891007
0.004700 0.951057
0.004725 0.987688
0.004750 1.000000
0.004775 0.987688
0.004800 0.951057
0.004825 0.891007
0.004850 0.809017
0.004875 0.707107
0.004900 0.587785
0.004925 0.453990
0.004950 0.309017
0.004975 0.156434
0.005000 -0.000000
0.005025 0.156434
0.005050 0.309017
0.005075 0.453990
0.005100 0.587785
0.005125 0.707107
0.005150 0.809017
0.005175 0.891007
0.005200 0.951057
0.005225 0.987688
0.005250 1.000000
0.005275 0.987688
0.005300 0.951057
0.005325 0.891007
0.005350 0.809017
0.005375 0.707107
0.005400 0.587785
0.005425 0.453990
0.005450 0.309017
0.005475 0.156434
0.005500 0.000000
0.005525 -0.156434
0.005550 -0.309017
0.005575 -0.453990
0.005600 -0.587785
0.005625 -0.707107
0.005650 -0.809017
0.005675 -0.891007
0.005700 -0.951057
0.005725 -0.987688
0.005750 -1.000000
0.005775 -0.987688
0.005800 -0.951057
0.005825 -0.891007
0.005850 -0.809017
0.005875 -0.707107
0.005900 -0.587785
0.005925 -0.453990
0.005950 -0.309017
0.005975 -0.156434
0.006000 -0.000000
0.006025 0.156434
0.006050 0.309017
0.006075 0.453990
0.006100 0.587785
0.006125 0.707107
0.006150 0.809017
0.006175 0.891007
0.006200 0.951057
0.006225 0.987688
0.006250 1.000000
0.006275 0.987688
0.006300 0.951057
0.006325 0.891007
0.006350 0.809017
0.006375 0.707107
0.006400 0.587785
0.006425 0.453990
0.006450 0.309017
0.006475 0.156434
0.006500 0.000000
0.006525 -0.156434
0.006550 -0.309017
0.006575 -0.453990
0.006600 -0.587785
0.006625 -0.707107
0.006650 -0.809017
0.006675 -0.891007
0.006700 -0.951057
0.006725 -0.987688
0.006750 -1.000000
0.006775 -0.987688
0.006800 -0.951057
0.006825 -0.891007
0.006850 -0.809017
0.006875 -0.707107
0.006900 -0.587785
0.006925 -0.453990
0.006950 -0.309017
0.006975 -0.156434
0.007000 -0.000000
0.007025 0.156434
0.007050 0.309017
0.007075 0.453990
0.007100 0.587785
0.007125 0.707107
0.007150 0.809017
0.007175 0.891007
0.007200 0.951057
0.007225 0.987688
0.007250 1.000000
0.007275 0.987688
0.007300 0.951057
0.007325 0.891007
0.007350 0.809017
0.007375 0.707107
0.007400 0.587785
0.007425 0.453990
0.007450 0.309017
0.007475 0.156434
0.007500 0.000000
0.007525 -0.156434
0.007550 -0.309017
0.007575 -0.453990
0.007600 -0.587785
0.007625 -0.707107
0.007650 -0.809017
0.007675 -0.891007
0.007700 -0.951057
0.007725 -0.987688
0.007750 -1.000000
0.007775 -0.987688
0.007800 -0.951057
0.007825 -0.891007
0.007850 -0.809017
0.007875 -0.707107
0.007900 -0.587785
0.007925 -0.453990
0.007950 -0.309017
0.007975 -0.156434
0.008000 -0.000000
0.008025 0.156434
0.008050 0.309017
0.008075 0.453990
0.008100 0.587785
0.008125 0.707107
0.008150 0.809017
0.008175 0.891007
0.008200 0.951057
0.008225 0.987688
0.008250 1.000000
0.008275 0.987688
0.008300 0.951057
0.008325 0.891007
0.008350 0.809017
0.008375 0.707107
0.008400 0.587785
0.008425 0.453990
0.008450 0.309017
0.008475 0.156434
0.008500 0.000000
0.008525 -0.156434
0.008550 -0.309017
0.008575 -0.453990
0.008600 -0.587785
0.008625 -0.707107
0.008650 -0.809017
0.008675 -0.891007
0.008700 -0.951057
0.008725 -0.987688
0.008750 -1.000000
0.008775 -0.987688
0.008800 -0.951057
0.008825 -0.891007
0.008850 -0.809017
0.008875 -0.707107
0.008900 -0.587785
0.008925 -0.453990
0.008950 -0.309017
0.008975 -0.156434
0.009000 -0.000000
0.009025 0.156434
0.009050 0.309017
0.009075 0.453990
0.009100 0.587785
0.009125 0.707107
0.009150 0.809017
0.009175 0.891007
0.009200 0.951057
0.009225 0.987688
0.009250 1.000000
0.009275 0.987688
0.009300 0.951057
0.009325 0.891007
0.009350 0.809017
0.009375 0.707107
0.009400 0.587785
0.009425 0.453990
0.009450 0.309017
0.009475 0.156434
0.009500 0.000000
0.009525 -0.156434
0.009550 -0.309017
0.009575 -0.453990
0.009600 -0.587785
0.009625 -0.707107
0.009650 -0.809017
0.009675 -0.891007
0.009700 -0.951057
0.009725 -0.987688
0.009750 -1.000000
0.009775 -0.987688
0.009800 -0.951057
0.009825 -0.891007
0.009850 -0.809017
0.009875 -0.707107
0.009900 -0.587785
0.009925 -0.453990
0.009950 -0.309017
0.009975 -0.156434
0.010000 0.000000
0.010025 -0.156434
0.010050 -0.309017
0.010075 -0.453990
0.010100 -0.587785
0.010125 -0.707107
0.010150 -0.809017
0.010175 -0.891007
0.010200 -0.951057
0.010225 -0.987688
0.010250 -1.000000
0.010275 -0.987688
0.010300 -0.951057
0.010325 -0.891007
0.010350 -0.809017
0.010375 -0.707107
0.010400 -0.587785
0.010425 -0.453990
0.010450 -0.309017
0.010475 -0.156434
0.010500 -0.000000
0.010525 0.156434
0.010550 0.309017
0.010575 0.453990
0.010600 0.587785
0.010625 0.707107
0.010650 0.809017
0.010675 0.891007
0.010700 0.951057
0.010725 0.987688
0.010750 1.000000
0.010775 0.987688
0.010800 0.951057
0.010825 0.891007
0.010850 0.809017
0.010875 0.707107
0.010900 0.587785
0.010925 0.453990
0.010950 0.309017
0.010975 0.156434
0.011000 0.000000
0.011025 -0.156434
0.011050 -0.309017
0.011075 -0.453990
0.011100 -0.587785
0.011125 -0.707107
0.011150 -0.809017
0.011175 -0.891007
0.011200 -0.951057
0.011225 -0.987688
0.011250 -1.000000
0.011275 -0.987688
0.011300 -0.951057
0.011325 -0.891007
0.011350 -0.809017
0.011375 -0.707107
0.011400 -0.587785
0.011425 -0.453990
0.011450 -0.309017
0.011475 -0.156434
0.011500 -0.000000
0.011525 0.156434
0.011550 0.309017
0.011575 0.453990
0.011600 0.587785
0.011625 0.707107
0.011650 0.809017
0.011675 0.891007
0.011700 0.951057
0.011725 0.987688
0.011750 1.000000
0.011775 0.987688
0.011800 0.951057
0.011825 0.891007
0.011850 0.809017
0.011875 0.707107
0.011900 0.587785
0.011925 0.453990
0.011950 0.309017
0.011975 0.156434
0.012000 0.000000
0.012025 -0.156434
0.012050 -0.309017
0.012075 -0.453990
0.012100 -0.587785
0.012125 -0.707107
0.012150 -0.809017
0.012175 -0.891007
0.012200 -0.951057
0.012225 -0.987688
0.012250 -1.000000
0.012275 -0.987688
0.012300 -0.951057
0.012325 -0.891007
0.012350 -0.809017
0.012375 -0.707107
0.012400 -0.587785
0.012425 -0.453990
0.012450 -0.309017
0.012475 -0.156434
0.012500 -0.000000
0.012525 0.156434
0.012550 0.309017
0.012575 0.453990
0.012600 0.587785
0.012625 0.707107
0.012650 0.809017
0.012675 0.891007
0.012700 0.951057
0.012725 0.987688
0.012750 1.000000
0.012775 0.987688
0.012800 0.951057
0.012825 0.891007
0.012850 0.809017
0.012875 0.707107
0.012900 0.587785
0.012925 0.453990
0.012950 0.309017
0.012975 0.156434
0.013000 0.000000
0.013025 -0.156434
0.013050 -0.309017
0.013075 -0.453990
0.013100 -0.587785
0.013125 -0.707107
0.013150 -0.809017
0.013175 -0.891007
0.013200 -0.951057
0.013225 -0.987688
0.013250 -1.000000
0.013275 -0.987688
0.013300 -0.951057
0.013325 -0.891007
0.013350 -0.809017
0.013375 -0.707107
0.013400 -0.587785
0.013425 -0.453990
0.013450 -0.309017
0.013475 -0.156434
0.013500 -0.000000
0.013525 0.156434
0.013550 0.309017
0.013575 0.453990
0.013600 0.587785
0.013625 0.707107
0.013650 0.809017
0.013675 0.891007
0.013700 0.951057
0.013725 0.987688
0.013750 1.000000
0.013775 0.987688
0.013800 0.951057
0.013825 0.891007
0.013850 0.809017
0.013875 0.707107
0.013900 0.587785
0.013925 0.453990
0.013950 0.309017
0.013975 0.156434
0.014000 0.000000
0.014025 -0.156434
0.014050 -0.309017
0.014075 -0.453990
0.014100 -0.587785
0.014125 -0.707107
0.014150 -0.809017
0.014175 -0.891007
0.014200 -0.951057
0.014225 -0.987688
0.014250 -1.000000
0.014275 -0.987688
0.014300 -0.951057
0.014325 -0.891007
0.014350 -0.809017
0.014375 -0.707107
0.014400 -0.587785
0.014425 -0.453990
0.014450 -0.309017
0.014475 -0.156434
0.014500 -0.000000
0.014525 0.156434
0.014550 0.309017
0.014575 0.453990
0.014600 0.587785
0.014625 0.707107
0.014650 0.809017
0.014675 0.891007
0.014700 0.951057
0.014725 0.987688
0.014750 1.000000
0.014775 0.987688
0.014800 0.951057
0.014825 0.891007
0.014850 0.809017
0.014875 0.707107
0.014900 0.587785
0.014925 0.453990
0.014950 0.309017
0.014975 0.156434
0.015000 0.000000
0.015025 -0.156434
0.015050 -0.309017
0.015075 -0.453990
0.015100 -0.587785
0.015125 -0.707107
0.015150 -0.809017
0.015175 -0.891007
0.015200 -0.951057
0.015225 -0.987688
0.015250 -1.000000
0.015275 -0.987688
0.015300 -0.951057
0.015325 -0.891007
0.015350 -0.809017
0.015375 -0.707107
0.015400 -0.587785
0.015425 -0.453990
0.015450 -0.309017
0.015475 -0.156434
0.015500 -0.000000
0.015525 0.156434
0.015550 0.309017
0.015575 0.453990
0.015600 0.587785
0.015625 0.707107
0.015650 0.809017
0.015675 0.891007
0.015700 0.951057
0.015725 0.987688
0.015750 1.000000
0.015775 0.987688
0.015800 0.951057
0.015825 0.891007
0.015850 0.809017
0.015875 0.707107
0.015900 0.587785
0.015925 0.453990
0.015950 0.309017
0.015975 0.156434
0.016000 0.000000
0.016025 -0.156434
0.016050 -0.309017
0.016075 -0.453990
0.016100 -0.587785
0.016125 -0.707107
0.016150 -0.809017
0.016175 -0.891007
0.016200 -0.951057
0.016225 -0.987688
0.016250 -1.000000
0.016275 -0.987688
0.016300 -0.951057
0.016325 -0.891007
0.016350 -0.809017
0.016375 -0.707107
0.016400 -0.587785
0.016425 -0.453990
0.016450 -0.309017
0.016475 -0.156434
0.016500 -0.000000
0.016525 0.156434
0.016550 0.309017
0.016575 0.453990
0.016600 0.587785
0.016625 0.707107
0.016650 0.809017
0.016675 0.891007
0.016700 0.951057
0.016725 0.987688
0.016750 1.000000
0.016775 0.987688
0.016800 0.951057
0.016825 0.891007
0.016850 0.809017
0.016875 0.707107
0.016900 0.587785
0.016925 0.453990
0.016950 0.309017
0.016975 0.156434
0.017000 0.000000
0.017025 -0.156434
0.017050 -0.309017
0.017075 -0.453990
0.017100 -0.587785
0.017125 -0.707107
0.017150 -0.809017
0.017175 -0.891007
0.017200 -0.951057
0.017225 -0.987688
0.017250 -1.000000
0.017275 -0.987688
0.017300 -0.951057
0.017325 -0.891007
0.017350 -0.809017
0.017375 -0.707107
0.017400 -0.587785
0.017425 -0.453990
0.017450 -0.309017
0.017475 -0.156434
0.017500 -0.000000
0.017525 0.156434
0.017550 0.309017
0.017575 0.453990
0.017600 0.587785
0.017625 0.707107
0.017650 0.809017
0.017675 0.891007
0.017700 0.951057
0.017725 0.987688
0.017750 1.000000
0.017775 0.987688
0.017800 0.951057
0.017825 0.891007
0.017850 0.809017
0.017875 0.707107
0.017900 0.587785
0.017925 0.453990
0.017950 0.309017
0.017975 0.156434
0.018000 0.000000
0.018025 -0.156434
0.018050 -0.309017
0.018075 -0.453990
0.018100 -0.587785
0.018125 -0.707107
0.018150 -0.809017
0.018175 -0.891007
0.018200 -0.951057
0.018225 -0.987688
0.018250 -1.000000
0.018275 -0.987688
0.018300 -0.951057
0.018325 -0.891007
0.018350 -0.809017
0.018375 -0.707107
0.018400 -0.587785
0.018425 -0.453990
0.018450 -0.309017
0.018475 -0.156434
0.018500 -0.000000
0.018525 0.156434
0.018550 0.309017
0.018575 0.453990
0.018600 0.587785
0.018625 0.707107
0.018650 0.809017
0.018675 0.891007
0.018700 0.951057
0.018725 0.987688
0.018750 1.000000
0.018775 0.987688
0.018800 0.951057
0.018825 0.891007
0.018850 0.809017
0.018875 0.707107
0.018900 0.587785
0.018925 0.453990
0.018950 0.309017
0.018975 0.156434
0.019000 0.000000
0.019025 -0.156434
0.019050 -0.309017
0.019075 -0.453990
0.019100 -0.587785
0.019125 -0.707107
0.019150 -0.809017
0.019175 -0.891007
0.019200 -0.951057
0.019225 -0.987688
0.019250 -1.000000
0.019275 -0.987688
0.019300 -0.951057
0.019325 -0.891007
0.019350 -0.809017
0.019375 -0.707107
0.019400 -0.587785
0.019425 -0.453990
0.019450 -0.309017
0.019475 -0.156434
0.019500 -0.000000
0.019525 0.156434
0.019550 0.309017
0.019575 0.453990
0.019600 0.587785
0.019625 0.707107
0.019650 0.809017
0.019675 0.891007
0.019700 0.951057
0.019725 0.987688
0.019750 1.000000
0.019775 0.987688
0.019800 0.951057
0.019825 0.891007
0.019850 0.809017
0.019875 0.707107
0.019900 0.587785
0.019925 0.453990
0.019950 0.309017
0.019975 0.156434
0.020000 -0.000000
0.020025 0.156434
0.020050 0.309017
0.020075 0.453990
0.020100 0.587785
0.020125 0.707107
0.020150 0.809017
0.020175 0.891007
0.020200 0.951057
0.020225 0.987688
0.020250 1.000000
0.020275 0.987688
0.020300 0.951057
0.020325 0.891007
0.020350 0.809017
0.020375 0.707107
0.020400 0.587785
0.020425 0.453990
0.020450 0.309017
0.020475 0.156434
0.020500 0.000000
0.020525 -0.156434
0.020550 -0.309017
0.020575 -0.453990
0.020600 -0.587785
0.020625 -0.707107
0.020650 -0.809017
0.020675 -0.891007
0.020700 -0.951057
0.020725 -0.987688
0.020750 -1.000000
0.020775 -0.987688
0.020800 -0.951057
0.020825 -0.891007
0.020850 -0.809017
0.020875 -0.707107
0.020900 -0.587785
0.020925 -0.453990
0.020950 -0.309017
0.020975 -0.156434
0.021000 -0.000000
0.021025 0.156434
0.021050 0.309017
0.021075 0.453990
0.021100 0.587785
0.021125 0.707107
0.021150 0.809017
0.021175 0.891007
0.021200 0.951057
0.021225 0.987688
0.021250 1.000000
0.021275 0.987688
0.021300 0.951057
0.021325 0.891007
0.021350 0.809017
0.021375 0.707107
0.021400 0.587785
0.021425 0.453990
0.021450 0.309017
0.021475 0.156434
0.021500 0.000000
0.021525 -0.156434
0.021550 -0.309017
0.021575 -0.453990
0.021600 -0.587785
0.021625 -0.707107
0.021650 -0.809017
0.021675 -0.891007
0.021700 -0.951057
0.021725 -0.987688
0.021750 -1.000000
0.021775 -0.987688
0.021800 -0.951057
0.021825 -0.891007
0.021850 -0.809017
0.021875 -0.707107
0.021900 -0.587785
0.021925 -0.453990
0.021950 -0.309017
0.021975 -0.156434
0.022000 -0.000000
0.022025 0.156434
0.022050 0.309017
0.022075 0.453990
0.022100 0.587785
0.022125 0.707107
0.022150 0.809017
0.022175 0.891007
0.022200 0.951057
0.022225 0.987688
0.022250 1.000000
0.022275 0.987688
0.022300 0.951057
0.022325 0.891007
0.022350 0.809017
0.022375 0.707107
0.022400 0.587785
0.022425 0.453990
0.022450 0.309017
0.022475 0.156434
0.022500 -0.000000
0.022525 -0.156434
0.022550 -0.309017
0.022575 -0.453990
0.022600 -0.587785
0.022625 -0.707107
0.022650 -0.809017
0.022675 -0.891007
0.022700 -0.951057
0.022725 -0.987688
0.022750 -1.000000
0.022775 -0.987688
0.022800 -0.951057
0.022825 -0.891007
0.022850 -0.809017
0.022875 -0.707107
0.022900 -0.587785
0.022925 -0.453990
0.022950 -0.309017
0.022975 -0.156434
0.023000 -0.000000
0.023025 0.156434
0.023050 0.309017
0.023075 0.453990
0.023100 0.587785
0.023125 0.707107
0.023150 0.809017
0.023175 0.891007
0.023200 0.951057
0.023225 0.987688
0.023250 1.000000
0.023275 0.987688
0.023300 0.951057
0.023325 0.891007
0.023350 0.809017
0.023375 0.707107
0.023400 0.587785
0.023425 0.453990
0.023450 0.309017
0.023475 0.156434
0.023500 0.000000
0.023525 -0.156434
0.023550 -0.309017
0.023575 -0.453990
0.023600 -0.587785
0.023625 -0.707107
0.023650 -0.809017
0.023675 -0.891007
0.023700 -0.951057
0.023725 -0.987688
0.023750 -1.000000
0.023775 -0.987688
0.023800 -0.951057
0.023825 -0.891007
0.023850 -0.809017
0.023875 -0.707107
0.023900 -0.587785
0.023925 -0.453990
0.023950 -0.309017
0.023975 -0.156434
0.024000 -0.000000
0.024025 0.156434
0.024050 0.309017
0.024075 0.453990
0.024100 0.587785
0.024125 0.707107
0.024150 0.809017
0.024175 0.891007
0.024200 0.951057
0.024225 0.987688
0.024250 1.000000
0.024275 0.987688
0.024300 0.951057
0.024325 0.891007
0.024350 0.809017
0.024375 0.707107
0.024400 0.587785
0.024425 0.453990
0.024450 0.309017
0.024475 0.156434
0.024500 0.000000
0.024525 -0.156434
0.024550 -0.309017
0.024575 -0.453990
0.024600 -0.587785
0.024625 -0.707107
0.024650 -0.809017
0.024675 -0.891007
0.024700 -0.951057
0.024725 -0.987688
0.024750 -1.000000
0.024775 -0.987688
0.024800 -0.951057
0.024825 -0.891007
0.024850 -0.809017
0.024875 -0.707107
0.024900 -0.587785
0.024925 -0.453990
0.024950 -0.309017
0.024975 -0.156434
0.025000 0.000000
0.025025 -0.156434
0.025050 -0.309017
0.025075 -0.453990
0.025100 -0.587785
0.025125 -0.707107
0.025150 -0.809017
0.025175 -0.891007
0.025200 -0.951057
0.025225 -0.987688
0.025250 -1.000000
0.025275 -0.987688
0.025300 -0.951057
0.025325 -0.891007
0.025350 -0.809017
0.025375 -0.707107
0.025400 -0.587785
0.025425 -0.453990
0.025450 -0.309017
0.025475 -0.156434
0.025500 -0.000000
0.025525 0.156434
0.025550 0.309017
0.025575 0.453990
0.025600 0.587785
0.025625 0.707107
0.025650 0.809017
0.025675 0.891007
0.025700 0.951057
0.025725 0.987688
0.025750 1.000000
0.025775 0.987688
0.025800 0.951057
0.025825 0.891007
0.025850 0.809017
0.025875 0.707107
0.025900 0.587785
0.025925 0.453990
0.025950 0.309017
0.025975 0.156434
0.026000 0.000000
0.026025 -0.156434
0.026050 -0.309017
0.026075 -0.453990
0.026100 -0.587785
0.026125 -0.707107
0.026150 -0.809017
0.026175 -0.891007
0.026200 -0.951057
0.026225 -0.987688
0.026250 -1.000000
0.026275 -0.987688
0.026300 -0.951057
0.026325 -0.891007
0.026350 -0.809017
0.026375 -0.707107
0.026400 -0.587785
0.026425 -0.453990
0.026450 -0.309017
0.026475 -0.156434
0.026500 -0.000000
0.026525 0.156434
0.026550 0.309017
0.026575 0.453990
0.026600 0.587785
0.026625 0.707107
0.026650 0.809017
0.026675 0.891007
0.026700 0.951057
0.026725 0.987688
0.026750 1.000000
0.026775 0.987688
0.026800 0.951057
0.026825 0.891007
0.026850 0.809017
0.026875 0.707107
0.026900 0.587785
0.026925 0.453990
0.026950 0.309017
0.026975 0.156434
0.027000 0.000000
0.027025 -0.156434
0.027050 -0.309017
0.027075 -0.453990
0.027100 -0.587785
0.027125 -0.707107
0.027150 -0.809017
0.027175 -0.891007
0.027200 -0.951057
0.027225 -0.987688
0.027250 -1.000000
0.027275 -0.987688
0.027300 -0.951057
0.027325 -0.891007
0.027350 -0.809017
0.027375 -0.707107
0.027400 -0.587785
0.027425 -0.453990
0.027450 -0.309017
0.027475 -0.156434
0.027500 -0.000000
0.027525 0.156434
0.027550 0.309017
0.027575 0.453990
0.027600 0.587785
0.027625 0.707107
0.027650 0.809017
0.027675 0.891007
0.027700 0.951057
0.027725 0.987688
0.027750 1.000000
0.027775 0.987688
0.027800 0.951057
0.027825 0.891007
0.027850 0.809017
0.027875 0.707107
0.027900 0.587785
0.027925 0.453990
0.027950 0.309017
0.027975 0.156434
0.028000 0.000000
0.028025 -0.156434
0.028050 -0.309017
0.028075 -0.453990
0.028100 -0.587785
0.028125 -0.707107
0.028150 -0.809017
0.028175 -0.891007
0.028200 -0.951057
0.028225 -0.987688
0.028250 -1.000000
0.028275 -0.987688
0.028300 -0.951057
0.028325 -0.891007
0.028350 -0.809017
0.028375 -0.707107
0.028400 -0.587785
0.028425 -0.453990
0.028450 -0.309017
0.028475 -0.156434
0.028500 -0.000000
0.028525 0.156434
0.028550 0.309017
0.028575 0.453990
0.028600 0.587785
0.028625 0.707107
0.028650 0.809017
0.028675 0.891007
0.028700 0.951057
0.028725 0.987688
0.028750 1.000000
0.028775 0.987688
0.028800 0.951057
0.028825 0.891007
0.028850 0.809017
0.028875 0.707107
0.028900 0.587785
0.028925 0.453990
0.028950 0.309017
0.028975 0.156434
0.029000 0.000000
0.029025 -0.156434
0.029050 -0.309017
0.029075 -0.453990
0.029100 -0.587785
0.029125 -0.707107
0.029150 -0.809017
0.029175 -0.891007
0.029200 -0.951057
0.029225 -0.987688
0.029250 -1.000000
0.029275 -0.987688
0.029300 -0.951057
0.029325 -0.891007
0.029350 -0.809017
0.029375 -0.707107
0.029400 -0.587785
0.029425 -0.453990
0.029450 -0.309017
0.029475 -0.156434
0.029500 -0.000000
0.029525 0.156434
0.029550 0.309017
0.029575 0.453990
0.029600 0.587785
0.029625 0.707107
0.029650 0.809017
0.029675 0.891007
0.029700 0.951057
0.029725 0.987688
0.029750 1.000000
0.029775 0.987688
0.029800 0.951057
0.029825 0.891007
0.029850 0.809017
0.029875 0.707107
0.029900 0.587785
0.029925 0.453990
0.029950 0.309017
0.029975 0.156434
