0.000025 0.001224
0.000050 0.005937
0.000075 0.015945
0.000100 0.032423
0.000125 0.055802
0.000150 0.085737
0.000175 0.121145
0.000200 0.160313
0.000225 0.201074
0.000250 0.241020
0.000275 0.277745
0.000300 0.309084
0.000325 0.333324
0.000350 0.349383
0.000375 0.356914
0.000400 0.356343
0.000425 0.348831
0.000450 0.336164
0.000475 0.320580
0.000500 0.304551
0.000525 0.290547
0.000550 0.280794
0.000575 0.277060
0.000600 0.280481
0.000625 0.291457
0.000650 0.309610
0.000675 0.333824
0.000700 0.362358
0.000725 0.393017
0.000750 0.423366
0.000775 0.450974
0.000800 0.473651
0.000825 0.489663
0.000850 0.497905
0.000875 0.498010
0.000900 0.490384
0.000925 0.476170
0.000950 0.457136
0.000975 0.435503
0.001000 0.413728
0.001025 0.394265
0.001050 0.379326
0.001075 0.370665
0.001100 0.369407
0.001125 0.375936
0.001150 0.389865
0.001175 0.410066
0.001200 0.434788
0.001225 0.461825
0.001250 0.488734
0.001275 0.513074
0.001300 0.532646
0.001325 0.545708
0.001350 0.551148
0.001375 0.548591
0.001400 0.538436
0.001425 0.521819
0.001450 0.500503
0.001475 0.476701
0.001500 0.452866
0.001525 0.431446
0.001550 0.414649
0.001575 0.404222
0.001600 0.401285
0.001625 0.406221
0.001650 0.418635
0.001675 0.437398
0.001700 0.460754
0.001725 0.486492
0.001750 0.512168
0.001775 0.535336
0.001800 0.553794
0.001825 0.565799
0.001850 0.570235
0.001875 0.566723
0.001900 0.555662
0.001925 0.538184
0.001950 0.516049
0.001975 0.491470
0.002000 0.466897
0.002025 0.444776
0.002050 0.427311
0.002075 0.416251
0.002100 0.412713
0.002125 0.417077
0.002150 0.428949
0.002175 0.447196
0.002200 0.470062
0.002225 0.495335
0.002250 0.520568
0.002275 0.543316
0.002300 0.561376
0.002325 0.573002
0.002350 0.577077
0.002375 0.573223
0.002400 0.561837
0.002425 0.544050
0.002450 0.521622
0.002475 0.496765
0.002500 0.471927
0.002525 0.449554
0.002550 0.431851
0.002575 0.420564
0.002600 0.416810
0.002625 0.420969
0.002650 0.432646
0.002675 0.450709
0.002700 0.473399
0.002725 0.498505
0.002750 0.523580
0.002775 0.546177
0.002800 0.564094
0.002825 0.575584
0.002850 0.579530
0.002875 0.575554
0.002900 0.564050
0.002925 0.546153
0.002950 0.523620
0.002975 0.498663
0.003000 0.473730
0.003025 0.451267
0.003050 0.433478
0.003075 0.422109
0.003100 0.418279
0.003125 0.422365
0.003150 0.433972
0.003175 0.451968
0.003200 0.474595
0.003225 0.499642
0.003250 0.524660
0.003275 0.547203
0.003300 0.565068
0.003325 0.576509
0.003350 0.580409
0.003375 0.576389
0.003400 0.564844
0.003425 0.546907
0.003450 0.524336
0.003475 0.499343
0.003500 0.474376
0.003525 0.451881
0.003550 0.434061
0.003575 0.422664
0.003600 0.418805
0.003625 0.422865
0.003650 0.434447
0.003675 0.452419
0.003700 0.475024
0.003725 0.500049
0.003750 0.525047
0.003775 0.547571
0.003800 0.565418
0.003825 0.576841
0.003850 0.580725
0.003875 0.576688
0.003900 0.565129
0.003925 0.547178
0.003950 0.524593
0.003975 0.499587
0.004000 0.474608
0.004025 0.452101
0.004050 0.434270
0.004075 0.422862
0.004100 0.418994
0.004125 0.423044
0.004150 0.434617
0.004175 0.452581
0.004200 0.475177
0.004225 0.500195
0.004250 0.525185
0.004275 0.547702
0.004300 0.565543
0.004325 0.576960
0.004350 0.580838
0.004375 0.576796
0.004400 0.565231
0.004425 0.547274
0.004450 0.524685
0.004475 0.499675
0.004500 0.474691
0.004525 0.452180
0.004550 0.434345
0.004575 0.422934
0.004600 0.419061
0.004625 0.423108
0.004650 0.434678
0.004675 0.452639
0.004700 0.475233
0.004725 0.500247
0.004750 0.525235
0.004775 0.547750
0.004800 0.565588
0.004825 0.577003
0.004850 0.580878
0.004875 0.576834
0.004900 0.565267
0.004925 0.547309
0.004950 0.524718
0.004975 0.499706
0.005000 0.474721
0.005025 0.450985
0.005050 0.428435
0.005075 0.407014
0.005100 0.386663
0.005125 0.367330
0.005150 0.348963
0.005175 0.331515
0.005200 0.314939
0.005225 0.299192
0.005250 0.284233
0.005275 0.270021
0.005300 0.256520
0.005325 0.243694
0.005350 0.231509
0.005375 0.219934
0.005400 0.208937
0.005425 0.198490
0.005450 0.188566
0.005475 0.179138
0.005500 0.170181
0.005525 0.161672
0.005550 0.153588
0.005575 0.145909
0.005600 0.138613
0.005625 0.131683
0.005650 0.125098
0.005675 0.118844
0.005700 0.112901
0.005725 0.107256
0.005750 0.101893
0.005775 0.096799
0.005800 0.091959
0.005825 0.087361
0.005850 0.082993
0.005875 0.078843
0.005900 0.074901
0.005925 0.071156
0.005950 0.067598
0.005975 0.064218
0.006000 0.061007
0.006025 0.057957
0.006050 0.055059
0.006075 0.052306
0.006100 0.049691
0.006125 0.047206
0.006150 0.044846
0.006175 0.042604
0.006200 0.040474
0.006225 0.038450
0.006250 0.036527
0.006275 0.034701
0.006300 0.032966
0.006325 0.031318
0.006350 0.029752
0.006375 0.028264
0.006400 0.026851
0.006425 0.025508
0.006450 0.024233
0.006475 0.023021
0.006500 0.021870
0.006525 0.020777
0.006550 0.019738
0.006575 0.018751
0.006600 0.017813
0.006625 0.016923
0.006650 0.016077
0.006675 0.015273
0.006700 0.014509
0.006725 0.013784
0.006750 0.013095
0.006775 0.012440
0.006800 0.011818
0.006825 0.011227
0.006850 0.010666
0.006875 0.010132
0.006900 0.009626
0.006925 0.009144
0.006950 0.008687
0.006975 0.008253
0.007000 0.007840
0.007025 0.007448
0.007050 0.007076
0.007075 0.006722
0.007100 0.006386
0.007125 0.006067
0.007150 0.005763
0.007175 0.005475
0.007200 0.005201
0.007225 0.004941
0.007250 0.004694
0.007275 0.004460
0.007300 0.004237
0.007325 0.004025
0.007350 0.003823
0.007375 0.003632
0.007400 0.003451
0.007425 0.003278
0.007450 0.003114
0.007475 0.002959
0.007500 0.002811
0.007525 0.002670
0.007550 0.002537
0.007575 0.002410
0.007600 0.002289
0.007625 0.002175
0.007650 0.002066
0.007675 0.001963
0.007700 0.001865
0.007725 0.001771
0.007750 0.001683
0.007775 0.001599
0.007800 0.001519
0.007825 0.001443
0.007850 0.001371
0.007875 0.001302
0.007900 0.001237
0.007925 0.001175
0.007950 0.001116
0.007975 0.001061
0.008000 0.001008
0.008025 0.000957
0.008050 0.000909
0.008075 0.000864
0.008100 0.000821
0.008125 0.000780
0.008150 0.000741
0.008175 0.000704
0.008200 0.000668
0.008225 0.000635
0.008250 0.000603
0.008275 0.000573
0.008300 0.000544
0.008325 0.000517
0.008350 0.000491
0.008375 0.000467
0.008400 0.000443
0.008425 0.000421
0.008450 0.000400
0.008475 0.000380
0.008500 0.000361
0.008525 0.000343
0.008550 0.000326
0.008575 0.000310
0.008600 0.000294
0.008625 0.000279
0.008650 0.000266
0.008675 0.000252
0.008700 0.000240
0.008725 0.000228
0.008750 0.000216
0.008775 0.000205
0.008800 0.000195
0.008825 0.000185
0.008850 0.000176
0.008875 0.000167
0.008900 0.000159
0.008925 0.000151
0.008950 0.000143
0.008975 0.000136
0.009000 0.000129
0.009025 0.000123
0.009050 0.000117
0.009075 0.000111
0.009100 0.000105
0.009125 0.000100
0.009150 0.000095
0.009175 0.000090
0.009200 0.000086
0.009225 0.000082
0.009250 0.000078
0.009275 0.000074
0.009300 0.000070
0.009325 0.000066
0.009350 0.000063
0.009375 0.000060
0.009400 0.000057
0.009425 0.000054
0.009450 0.000051
0.009475 0.000049
0.009500 0.000046
0.009525 0.000044
0.009550 0.000042
0.009575 0.000040
0.009600 0.000038
0.009625 0.000036
0.009650 0.000034
0.009675 0.000032
0.009700 0.000031
0.009725 0.000029
0.009750 0.000028
0.009775 0.000026
0.009800 0.000025
0.009825 0.000024
0.009850 0.000023
0.009875 0.000022
0.009900 0.000020
0.009925 0.000019
0.009950 0.000018
0.009975 0.000018
0.010000 0.000017
0.010025 0.001239
0.010050 0.005952
0.010075 0.015960
0.010100 0.032436
0.010125 0.055815
0.010150 0.085749
0.010175 0.121156
0.010200 0.160324
0.010225 0.201084
0.010250 0.241030
0.010275 0.277755
0.010300 0.309093
0.010325 0.333333
0.010350 0.349391
0.010375 0.356922
0.010400 0.356350
0.010425 0.348838
0.010450 0.336171
0.010475 0.320586
0.010500 0.304557
0.010525 0.290552
0.010550 0.280799
0.010575 0.277065
0.010600 0.280486
0.010625 0.291462
0.010650 0.309614
0.010675 0.333828
0.010700 0.362362
0.010725 0.393020
0.010750 0.423369
0.010775 0.450977
0.010800 0.473654
0.010825 0.489666
0.010850 0.497908
0.010875 0.498013
0.010900 0.490387
0.010925 0.476173
0.010950 0.457138
0.010975 0.435505
0.011000 0.413730
0.011025 0.394267
0.011050 0.379328
0.011075 0.370667
0.011100 0.369408
0.011125 0.375938
0.011150 0.389866
0.011175 0.410068
0.011200 0.434790
0.011225 0.461827
0.011250 0.488735
0.011275 0.513075
0.011300 0.532647
0.011325 0.545709
0.011350 0.551149
0.011375 0.548592
0.011400 0.538437
0.011425 0.521820
0.011450 0.500504
0.011475 0.476702
0.011500 0.452867
0.011525 0.431447
0.011550 0.414649
0.011575 0.404222
0.011600 0.401286
0.011625 0.406221
0.011650 0.418636
0.011675 0.437399
0.011700 0.460754
0.011725 0.486493
0.011750 0.512168
0.011775 0.535336
0.011800 0.553795
0.011825 0.565800
0.011850 0.570235
0.011875 0.566723
0.011900 0.555662
0.011925 0.538184
0.011950 0.516049
0.011975 0.491471
0.012000 0.466897
0.012025 0.444776
0.012050 0.427312
0.012075 0.416251
0.012100 0.412713
0.012125 0.417078
0.012150 0.428949
0.012175 0.447196
0.012200 0.470062
0.012225 0.495335
0.012250 0.520569
0.012275 0.543317
0.012300 0.561376
0.012325 0.573002
0.012350 0.577077
0.012375 0.573223
0.012400 0.561837
0.012425 0.544050
0.012450 0.521622
0.012475 0.496765
0.012500 0.471927
0.012525 0.449554
0.012550 0.431851
0.012575 0.420564
0.012600 0.416810
0.012625 0.420970
0.012650 0.432646
0.012675 0.450709
0.012700 0.473399
0.012725 0.498505
0.012750 0.523580
0.012775 0.546177
0.012800 0.564094
0.012825 0.575584
0.012850 0.579530
0.012875 0.575554
0.012900 0.564051
0.012925 0.546153
0.012950 0.523620
0.012975 0.498663
0.013000 0.473730
0.013025 0.451267
0.013050 0.433478
0.013075 0.422109
0.013100 0.418279
0.013125 0.422365
0.013150 0.433972
0.013175 0.451968
0.013200 0.474595
0.013225 0.499642
0.013250 0.524660
0.013275 0.547203
0.013300 0.565068
0.013325 0.576509
0.013350 0.580409
0.013375 0.576389
0.013400 0.564844
0.013425 0.546907
0.013450 0.524336
0.013475 0.499343
0.013500 0.474376
0.013525 0.451881
0.013550 0.434061
0.013575 0.422664
0.013600 0.418805
0.013625 0.422865
0.013650 0.434447
0.013675 0.452419
0.013700 0.475024
0.013725 0.500049
0.013750 0.525047
0.013775 0.547571
0.013800 0.565418
0.013825 0.576841
0.013850 0.580725
0.013875 0.576688
0.013900 0.565129
0.013925 0.547178
0.013950 0.524593
0.013975 0.499587
0.014000 0.474608
0.014025 0.452101
0.014050 0.434270
0.014075 0.422862
0.014100 0.418994
0.014125 0.423044
0.014150 0.434617
0.014175 0.452581
0.014200 0.475177
0.014225 0.500195
0.014250 0.525185
0.014275 0.547702
0.014300 0.565543
0.014325 0.576960
0.014350 0.580838
0.014375 0.576796
0.014400 0.565231
0.014425 0.547274
0.014450 0.524685
0.014475 0.499675
0.014500 0.474691
0.014525 0.452180
0.014550 0.434345
0.014575 0.422934
0.014600 0.419061
0.014625 0.423108
0.014650 0.434678
0.014675 0.452639
0.014700 0.475233
0.014725 0.500247
0.014750 0.525235
0.014775 0.547750
0.014800 0.565588
0.014825 0.577003
0.014850 0.580878
0.014875 0.576834
0.014900 0.565267
0.014925 0.547309
0.014950 0.524718
0.014975 0.499706
0.015000 0.474721
0.015025 0.452208
0.015050 0.434372
0.015075 0.422959
0.015100 0.419086
0.015125 0.423131
0.015150 0.434700
0.015175 0.452660
0.015200 0.475252
0.015225 0.500266
0.015250 0.525253
0.015275 0.547767
0.015300 0.565604
0.015325 0.577018
0.015350 0.580893
0.015375 0.576848
0.015400 0.565280
0.015425 0.547322
0.015450 0.524730
0.015475 0.499717
0.015500 0.474731
0.015525 0.452218
0.015550 0.434382
0.015575 0.422968
0.015600 0.419094
0.015625 0.423140
0.015650 0.434708
0.015675 0.452667
0.015700 0.475259
0.015725 0.500273
0.015750 0.525259
0.015775 0.547773
0.015800 0.565609
0.015825 0.577024
0.015850 0.580898
0.015875 0.576853
0.015900 0.565285
0.015925 0.547326
0.015950 0.524734
0.015975 0.499721
0.016000 0.474735
0.016025 0.452222
0.016050 0.434385
0.016075 0.422972
0.016100 0.419098
0.016125 0.423143
0.016150 0.434711
0.016175 0.452670
0.016200 0.475262
0.016225 0.500275
0.016250 0.525262
0.016275 0.547775
0.016300 0.565612
0.016325 0.577026
0.016350 0.580900
0.016375 0.576855
0.016400 0.565287
0.016425 0.547328
0.016450 0.524736
0.016475 0.499723
0.016500 0.474736
0.016525 0.452223
0.016550 0.434387
0.016575 0.422973
0.016600 0.419099
0.016625 0.423144
0.016650 0.434712
0.016675 0.452671
0.016700 0.475263
0.016725 0.500276
0.016750 0.525262
0.016775 0.547776
0.016800 0.565612
0.016825 0.577026
0.016850 0.580900
0.016875 0.576855
0.016900 0.565287
0.016925 0.547328
0.016950 0.524736
0.016975 0.499723
0.017000 0.474737
0.017025 0.452224
0.017050 0.434387
0.017075 0.422973
0.017100 0.419099
0.017125 0.423144
0.017150 0.434712
0.017175 0.452671
0.017200 0.475263
0.017225 0.500276
0.017250 0.525263
0.017275 0.547776
0.017300 0.565613
0.017325 0.577027
0.017350 0.580901
0.017375 0.576856
0.017400 0.565287
0.017425 0.547328
0.017450 0.524737
0.017475 0.499723
0.017500 0.474737
0.017525 0.452224
0.017550 0.434387
0.017575 0.422973
0.017600 0.419099
0.017625 0.423144
0.017650 0.434712
0.017675 0.452671
0.017700 0.475263
0.017725 0.500277
0.017750 0.525263
0.017775 0.547776
0.017800 0.565613
0.017825 0.577027
0.017850 0.580901
0.017875 0.576856
0.017900 0.565288
0.017925 0.547328
0.017950 0.524737
0.017975 0.499723
0.018000 0.474737
0.018025 0.452224
0.018050 0.434387
0.018075 0.422973
0.018100 0.419099
0.018125 0.423144
0.018150 0.434712
0.018175 0.452672
0.018200 0.475263
0.018225 0.500277
0.018250 0.525263
0.018275 0.547776
0.018300 0.565613
0.018325 0.577027
0.018350 0.580901
0.018375 0.576856
0.018400 0.565288
0.018425 0.547329
0.018450 0.524737
0.018475 0.499723
0.018500 0.474737
0.018525 0.452224
0.018550 0.434387
0.018575 0.422973
0.018600 0.419099
0.018625 0.423144
0.018650 0.434712
0.018675 0.452672
0.018700 0.475263
0.018725 0.500277
0.018750 0.525263
0.018775 0.547776
0.018800 0.565613
0.018825 0.577027
0.018850 0.580901
0.018875 0.576856
0.018900 0.565288
0.018925 0.547329
0.018950 0.524737
0.018975 0.499723
0.019000 0.474737
0.019025 0.452224
0.019050 0.434387
0.019075 0.422973
0.019100 0.419099
0.019125 0.423144
0.019150 0.434712
0.019175 0.452672
0.019200 0.475263
0.019225 0.500277
0.019250 0.525263
0.019275 0.547776
0.019300 0.565613
0.019325 0.577027
0.019350 0.580901
0.019375 0.576856
0.019400 0.565288
0.019425 0.547329
0.019450 0.524737
0.019475 0.499723
0.019500 0.474737
0.019525 0.452224
0.019550 0.434387
0.019575 0.422973
0.019600 0.419099
0.019625 0.423144
0.019650 0.434712
0.019675 0.452672
0.019700 0.475263
0.019725 0.500277
0.019750 0.525263
0.019775 0.547776
0.019800 0.565613
0.019825 0.577027
0.019850 0.580901
0.019875 0.576856
0.019900 0.565288
0.019925 0.547329
0.019950 0.524737
0.019975 0.499723
0.020000 0.474737
0.020025 0.451000
0.020050 0.428450
0.020075 0.407028
0.020100 0.386676
0.020125 0.367343
0.020150 0.348976
0.020175 0.331527
0.020200 0.314950
0.020225 0.299203
0.020250 0.284243
0.020275 0.270031
0.020300 0.256529
0.020325 0.243703
0.020350 0.231517
0.020375 0.219942
0.020400 0.208945
0.020425 0.198497
0.020450 0.188572
0.020475 0.179144
0.020500 0.170187
0.020525 0.161677
0.020550 0.153593
0.020575 0.145914
0.020600 0.138618
0.020625 0.131687
0.020650 0.125103
0.020675 0.118848
0.020700 0.112905
0.020725 0.107260
0.020750 0.101897
0.020775 0.096802
0.020800 0.091962
0.020825 0.087364
0.020850 0.082996
0.020875 0.078846
0.020900 0.074904
0.020925 0.071158
0.020950 0.067601
0.020975 0.064221
0.021000 0.061010
0.021025 0.057959
0.021050 0.055061
0.021075 0.052308
0.021100 0.049693
0.021125 0.047208
0.021150 0.044848
0.021175 0.042605
0.021200 0.040475
0.021225 0.038451
0.021250 0.036529
0.021275 0.034702
0.021300 0.032967
0.021325 0.031319
0.021350 0.029753
0.021375 0.028265
0.021400 0.026852
0.021425 0.025509
0.021450 0.024234
0.021475 0.023022
0.021500 0.021871
0.021525 0.020777
0.021550 0.019739
0.021575 0.018752
0.021600 0.017814
0.021625 0.016923
0.021650 0.016077
0.021675 0.015273
0.021700 0.014510
0.021725 0.013784
0.021750 0.013095
0.021775 0.012440
0.021800 0.011818
0.021825 0.011227
0.021850 0.010666
0.021875 0.010133
0.021900 0.009626
0.021925 0.009145
0.021950 0.008687
0.021975 0.008253
0.022000 0.007840
0.022025 0.007448
0.022050 0.007076
0.022075 0.006722
0.022100 0.006386
0.022125 0.006067
0.022150 0.005763
0.022175 0.005475
0.022200 0.005202
0.022225 0.004941
0.022250 0.004694
0.022275 0.004460
0.022300 0.004237
0.022325 0.004025
0.022350 0.003824
0.022375 0.003632
0.022400 0.003451
0.022425 0.003278
0.022450 0.003114
0.022475 0.002959
0.022500 0.002811
0.022525 0.002670
0.022550 0.002537
0.022575 0.002410
0.022600 0.002289
0.022625 0.002175
0.022650 0.002066
0.022675 0.001963
0.022700 0.001865
0.022725 0.001771
0.022750 0.001683
0.022775 0.001599
0.022800 0.001519
0.022825 0.001443
0.022850 0.001371
0.022875 0.001302
0.022900 0.001237
0.022925 0.001175
0.022950 0.001116
0.022975 0.001061
0.023000 0.001008
0.023025 0.000957
0.023050 0.000909
0.023075 0.000864
0.023100 0.000821
0.023125 0.000780
0.023150 0.000741
0.023175 0.000704
0.023200 0.000668
0.023225 0.000635
0.023250 0.000603
0.023275 0.000573
0.023300 0.000544
0.023325 0.000517
0.023350 0.000491
0.023375 0.000467
0.023400 0.000443
0.023425 0.000421
0.023450 0.000400
0.023475 0.000380
0.023500 0.000361
0.023525 0.000343
0.023550 0.000326
0.023575 0.000310
0.023600 0.000294
0.023625 0.000279
0.023650 0.000266
0.023675 0.000252
0.023700 0.000240
0.023725 0.000228
0.023750 0.000216
0.023775 0.000205
0.023800 0.000195
0.023825 0.000185
0.023850 0.000176
0.023875 0.000167
0.023900 0.000159
0.023925 0.000151
0.023950 0.000143
0.023975 0.000136
0.024000 0.000129
0.024025 0.000123
0.024050 0.000117
0.024075 0.000111
0.024100 0.000105
0.024125 0.000100
0.024150 0.000095
0.024175 0.000090
0.024200 0.000086
0.024225 0.000082
0.024250 0.000078
0.024275 0.000074
0.024300 0.000070
0.024325 0.000066
0.024350 0.000063
0.024375 0.000060
0.024400 0.000057
0.024425 0.000054
0.024450 0.000051
0.024475 0.000049
0.024500 0.000046
0.024525 0.000044
0.024550 0.000042
0.024575 0.000040
0.024600 0.000038
0.024625 0.000036
0.024650 0.000034
0.024675 0.000032
0.024700 0.000031
0.024725 0.000029
0.024750 0.000028
0.024775 0.000026
0.024800 0.000025
0.024825 0.000024
0.024850 0.000023
0.024875 0.000022
0.024900 0.000020
0.024925 0.000019
0.024950 0.000018
0.024975 0.000018
0.025000 0.000017
0.025025 0.001239
0.025050 0.005952
0.025075 0.015960
0.025100 0.032436
0.025125 0.055815
0.025150 0.085749
0.025175 0.121156
0.025200 0.160324
0.025225 0.201084
0.025250 0.241030
0.025275 0.277755
0.025300 0.309093
0.025325 0.333333
0.025350 0.349391
0.025375 0.356922
0.025400 0.356350
0.025425 0.348838
0.025450 0.336171
0.025475 0.320586
0.025500 0.304557
0.025525 0.290552
0.025550 0.280799
0.025575 0.277065
0.025600 0.280486
0.025625 0.291462
0.025650 0.309614
0.025675 0.333828
0.025700 0.362362
0.025725 0.393020
0.025750 0.423369
0.025775 0.450977
0.025800 0.473654
0.025825 0.489666
0.025850 0.497908
0.025875 0.498013
0.025900 0.490387
0.025925 0.476173
0.025950 0.457138
0.025975 0.435505
0.026000 0.413730
0.026025 0.394267
0.026050 0.379328
0.026075 0.370667
0.026100 0.369408
0.026125 0.375938
0.026150 0.389866
0.026175 0.410068
0.026200 0.434790
0.026225 0.461827
0.026250 0.488735
0.026275 0.513075
0.026300 0.532647
0.026325 0.545709
0.026350 0.551149
0.026375 0.548592
0.026400 0.538437
0.026425 0.521820
0.026450 0.500504
0.026475 0.476702
0.026500 0.452867
0.026525 0.431447
0.026550 0.414649
0.026575 0.404222
0.026600 0.401286
0.026625 0.406221
0.026650 0.418636
0.026675 0.437399
0.026700 0.460754
0.026725 0.486493
0.026750 0.512168
0.026775 0.535336
0.026800 0.553795
0.026825 0.565800
0.026850 0.570235
0.026875 0.566723
0.026900 0.555662
0.026925 0.538184
0.026950 0.516049
0.026975 0.491471
0.027000 0.466897
0.027025 0.444776
0.027050 0.427312
0.027075 0.416251
0.027100 0.412713
0.027125 0.417078
0.027150 0.428949
0.027175 0.447196
0.027200 0.470062
0.027225 0.495335
0.027250 0.520569
0.027275 0.543317
0.027300 0.561376
0.027325 0.573002
0.027350 0.577077
0.027375 0.573223
0.027400 0.561837
0.027425 0.544050
0.027450 0.521622
0.027475 0.496765
0.027500 0.471927
0.027525 0.449554
0.027550 0.431851
0.027575 0.420564
0.027600 0.416810
0.027625 0.420970
0.027650 0.432646
0.027675 0.450709
0.027700 0.473399
0.027725 0.498505
0.027750 0.523580
0.027775 0.546177
0.027800 0.564094
0.027825 0.575584
0.027850 0.579530
0.027875 0.575554
0.027900 0.564051
0.027925 0.546153
0.027950 0.523620
0.027975 0.498663
0.028000 0.473730
0.028025 0.451267
0.028050 0.433478
0.028075 0.422109
0.028100 0.418279
0.028125 0.422365
0.028150 0.433972
0.028175 0.451968
0.028200 0.474595
0.028225 0.499642
0.028250 0.524660
0.028275 0.547203
0.028300 0.565068
0.028325 0.576509
0.028350 0.580409
0.028375 0.576389
0.028400 0.564844
0.028425 0.546907
0.028450 0.524336
0.028475 0.499343
0.028500 0.474376
0.028525 0.451881
0.028550 0.434061
0.028575 0.422664
0.028600 0.418805
0.028625 0.422865
0.028650 0.434447
0.028675 0.452419
0.028700 0.475024
0.028725 0.500049
0.028750 0.525047
0.028775 0.547571
0.028800 0.565418
0.028825 0.576841
0.028850 0.580725
0.028875 0.576688
0.028900 0.565129
0.028925 0.547178
0.028950 0.524593
0.028975 0.499587
0.029000 0.474608
0.029025 0.452101
0.029050 0.434270
0.029075 0.422862
0.029100 0.418994
0.029125 0.423044
0.029150 0.434617
0.029175 0.452581
0.029200 0.475177
0.029225 0.500195
0.029250 0.525185
0.029275 0.547702
0.029300 0.565543
0.029325 0.576960
0.029350 0.580838
0.029375 0.576796
0.029400 0.565231
0.029425 0.547274
0.029450 0.524685
0.029475 0.499675
0.029500 0.474691
0.029525 0.452180
0.029550 0.434345
0.029575 0.422934
0.029600 0.419061
0.029625 0.423108
0.029650 0.434678
0.029675 0.452639
0.029700 0.475233
0.029725 0.500247
0.029750 0.525235
0.029775 0.547750
0.029800 0.565588
0.029825 0.577003
0.029850 0.580878
0.029875 0.576834
0.029900 0.565267
0.029925 0.547309
0.029950 0.524718
0.029975 0.499706
