140 130 127 126 130 129 125 121 119 121 121 124 125 125 124 114 107 110 153 194 178 139 106 89 87 87 96 99 94 98 107 111 148 177 184 181 164 142 114 112 119 120 98 63 51 68 87 101 60 46 45 50 112 186 151 90 84 92 100 127 148 121 71 43 42 41 71 103 85 72 80 87 80 77 80 80 87 93 97 98 99 96 103 123 139 113 76 148 215 215 215 214 214 214 214 214 212 211 212 214 215 215 215 214 213 214 207 121 67 76 79 82 80 75 77 77 80 79 77 90 
124 119 116 116 120 117 116 112 110 110 107 110 113 111 107 100 106 144 196 203 187 148 111 83 77 75 75 77 87 90 86 82 117 166 184 191 177 145 113 107 123 127 77 38 34 49 80 86 48 34 33 30 56 161 174 107 80 83 99 146 187 189 132 49 31 33 45 87 80 66 77 71 63 68 67 68 75 84 86 89 90 87 93 125 112 60 94 193 214 212 210 210 208 208 208 207 205 205 206 207 210 208 208 207 207 207 207 129 48 55 60 60 63 63 65 58 58 55 60 74 
125 116 117 119 119 116 113 109 113 112 105 103 98 96 106 105 85 99 137 156 172 174 163 136 125 123 80 63 100 116 87 84 126 178 196 194 175 146 106 121 147 121 53 34 36 50 73 71 58 43 35 31 42 139 188 142 113 98 120 171 198 210 196 103 34 33 38 77 87 74 70 60 58 65 67 68 73 84 87 89 89 99 124 103 63 66 159 212 211 210 210 210 207 206 203 201 200 201 205 207 207 206 206 206 205 205 210 142 50 50 58 56 56 60 65 58 60 51 56 66 
125 116 114 117 117 114 111 112 114 112 107 106 103 101 83 55 38 38 46 60 94 156 191 191 186 177 90 53 94 137 87 94 154 191 198 192 168 117 86 121 141 83 37 34 40 53 60 58 56 50 38 31 37 127 188 164 145 114 129 175 201 210 208 142 46 43 56 76 90 71 58 56 58 58 62 63 67 77 87 87 97 127 103 60 51 105 201 208 208 208 208 207 206 203 201 200 199 200 202 203 205 205 203 205 203 202 208 155 51 45 50 51 49 53 58 56 60 56 58 67 
89 117 140 140 135 129 121 123 117 110 107 101 87 56 38 38 38 37 38 38 42 66 129 191 205 194 116 48 77 136 86 106 174 200 193 160 111 72 65 74 75 67 60 55 50 51 51 38 49 53 48 33 36 120 182 173 158 140 152 180 197 202 201 148 58 67 98 96 94 74 60 58 58 58 62 63 63 69 84 103 126 101 53 50 60 154 207 205 207 207 207 205 203 201 201 201 201 202 203 205 203 205 203 205 205 205 207 174 60 41 43 45 48 46 55 55 55 53 55 69 
124 166 194 198 194 178 172 153 82 53 56 62 42 36 40 37 37 38 42 41 41 36 47 113 185 200 155 53 55 117 96 123 171 151 103 69 58 58 60 62 65 68 71 70 69 66 58 38 37 48 50 35 31 109 178 178 170 174 184 186 187 189 181 125 58 82 111 110 101 85 62 53 58 58 58 62 62 66 100 131 107 53 48 47 87 184 199 197 199 201 201 199 200 201 202 202 206 205 206 206 206 206 205 206 207 207 210 196 82 40 43 45 47 47 46 48 50 53 50 68 
187 200 207 207 201 184 181 124 42 36 55 50 37 38 38 38 41 38 40 41 43 41 41 47 97 174 178 63 38 94 99 100 87 65 58 56 58 60 63 60 65 70 71 68 69 71 71 62 49 43 51 53 38 113 180 185 187 193 196 187 175 166 142 93 63 92 109 112 106 98 87 70 60 56 56 58 66 96 121 110 71 43 50 51 111 180 184 180 186 189 189 189 197 201 202 206 207 207 208 207 207 208 208 207 206 206 210 210 113 40 43 45 43 50 50 47 49 51 49 58 
203 201 207 207 201 180 164 83 37 51 58 38 38 38 38 38 42 38 41 41 41 42 47 45 55 105 168 74 30 65 73 56 55 56 58 58 58 60 63 58 66 71 75 74 71 71 72 71 66 58 60 60 53 135 192 197 198 199 198 182 168 158 126 83 68 98 107 107 103 103 113 103 82 72 63 69 101 114 85 79 56 47 49 60 110 154 158 155 165 166 172 181 196 200 201 206 207 211 211 210 208 210 211 212 181 168 207 211 155 51 43 46 43 48 53 43 43 48 46 58 
201 194 203 207 200 180 155 65 49 62 43 38 42 38 37 37 38 37 38 43 42 42 40 50 58 58 126 73 33 49 58 58 56 56 53 58 58 62 69 72 73 73 77 77 74 73 73 71 63 60 65 69 62 127 198 201 201 197 186 172 171 172 146 89 72 97 105 106 103 97 96 100 103 100 93 103 133 129 100 73 49 51 50 77 103 120 126 139 141 142 164 181 194 200 189 196 208 211 211 212 212 212 213 214 158 109 194 206 188 103 46 45 42 43 47 50 45 43 47 56 
198 185 205 210 199 184 151 63 60 49 40 42 42 40 37 37 38 37 38 41 45 40 40 56 53 42 75 66 47 53 60 60 60 58 60 63 65 65 67 71 76 77 75 76 76 77 76 75 70 63 67 74 73 87 160 201 199 187 168 168 179 179 158 99 79 101 105 103 103 103 100 106 107 105 113 144 177 175 136 63 49 50 63 101 113 116 117 121 123 145 173 189 199 203 170 168 210 210 212 214 213 214 213 215 158 69 126 137 158 177 79 40 42 40 43 47 46 47 47 56 
188 168 201 208 194 191 154 72 53 46 45 40 40 42 38 38 40 38 38 40 38 40 46 58 43 40 51 58 55 60 62 63 66 67 73 74 75 72 72 74 75 79 80 80 77 80 83 83 76 66 68 74 75 77 100 171 192 174 155 165 179 180 151 90 87 107 107 110 132 154 153 121 103 107 126 167 186 186 117 46 47 56 114 134 144 153 152 150 156 173 189 196 202 207 164 117 196 212 211 213 214 213 215 215 163 58 56 60 77 150 148 60 43 43 45 43 41 47 43 56 
174 130 189 205 189 198 161 68 43 43 42 41 43 43 41 40 40 40 38 38 40 41 53 53 40 46 53 56 62 62 60 65 68 70 77 79 80 82 80 79 80 83 86 86 87 85 87 87 79 72 69 75 79 79 82 107 161 171 148 119 132 161 124 77 97 114 117 148 181 179 139 110 113 124 140 148 165 160 76 43 50 103 181 177 164 178 189 189 193 198 202 203 206 211 179 75 137 210 213 214 213 213 215 215 155 53 50 60 48 50 89 90 58 46 43 43 43 46 42 53 
161 89 161 194 194 199 151 60 43 45 41 41 43 41 41 38 38 37 38 40 38 41 56 43 43 53 56 58 63 66 66 67 74 74 77 80 84 86 85 83 84 89 92 92 92 90 87 90 84 79 74 77 77 80 82 85 101 151 106 63 121 151 99 75 112 126 147 174 164 124 119 148 153 142 155 168 173 121 48 42 58 160 201 200 192 177 179 193 202 207 208 207 208 201 151 56 67 172 213 215 213 214 214 212 137 47 50 58 56 43 36 45 50 53 48 43 42 43 43 53 
139 67 112 158 188 182 154 69 45 46 42 41 38 38 37 38 36 37 38 38 36 46 53 45 60 56 58 60 66 68 66 70 77 77 76 77 80 85 87 86 87 87 89 90 90 90 89 90 87 83 77 77 77 79 80 90 80 77 47 63 139 135 82 98 142 160 155 131 114 140 182 194 178 168 172 181 178 87 43 41 94 187 194 194 196 168 117 129 185 207 211 212 201 121 60 48 43 93 168 210 214 213 213 206 107 41 47 51 60 55 45 38 31 43 51 50 45 43 41 53 
103 55 60 99 159 173 171 94 47 45 43 40 37 40 42 41 38 38 40 38 38 51 50 58 60 56 58 63 63 63 66 73 77 80 76 72 77 83 86 90 89 90 89 84 86 90 90 86 82 82 85 77 76 77 80 89 86 45 36 69 135 100 93 154 166 138 113 126 168 201 206 200 192 188 188 192 139 53 43 58 164 207 202 201 201 189 126 105 151 194 213 215 152 53 45 56 45 45 80 150 201 212 213 192 85 43 47 47 56 62 51 45 38 34 33 40 45 50 53 60 
79 50 51 90 170 201 206 155 60 40 43 43 42 42 43 43 40 38 37 36 43 50 49 63 58 58 63 67 68 70 71 72 76 80 77 74 79 84 89 94 90 90 86 83 84 86 90 90 86 85 82 80 77 77 80 84 80 43 43 68 117 97 134 148 117 113 152 196 207 206 202 201 197 194 193 185 90 43 42 103 197 206 207 208 213 203 178 182 179 182 208 211 109 42 49 71 58 50 48 68 126 181 210 182 70 42 49 50 50 60 58 53 49 41 34 31 31 31 41 53 
68 56 77 150 206 211 208 192 112 43 41 43 41 41 43 43 40 38 38 36 49 50 66 70 60 62 65 68 73 71 67 71 75 80 79 75 79 85 90 94 92 90 87 89 87 87 87 90 89 87 85 82 80 83 77 80 76 46 40 55 79 89 105 111 142 189 210 211 210 207 207 207 203 199 194 146 53 48 53 86 101 101 107 117 136 152 174 203 207 189 196 193 75 38 48 72 65 58 56 50 53 83 135 142 73 50 49 50 50 58 60 56 51 43 38 35 37 36 29 41 
71 62 106 188 208 207 205 202 164 66 38 43 41 40 42 43 42 38 41 41 51 63 82 67 58 66 68 66 69 69 72 80 77 80 83 84 80 82 89 96 94 90 90 90 93 93 90 87 90 94 90 84 80 84 80 77 75 56 49 60 82 90 129 181 208 213 211 211 210 208 210 208 207 203 192 97 45 50 53 53 50 51 53 55 53 53 73 110 151 178 191 161 53 33 43 58 56 58 53 53 46 36 46 56 65 71 68 60 53 56 58 58 53 46 41 35 42 53 35 43 
71 66 135 193 201 200 201 200 181 116 69 43 38 41 43 45 42 38 38 50 68 84 79 58 62 67 67 69 70 68 77 82 83 84 84 90 84 85 92 96 96 94 94 92 94 96 90 85 92 90 87 89 84 84 82 76 77 70 72 73 69 119 198 215 213 212 212 211 212 212 212 211 210 199 133 62 53 53 53 56 56 60 63 65 65 58 51 58 74 86 133 127 43 36 41 53 58 56 51 47 49 38 35 35 36 41 53 70 77 79 63 53 50 47 43 41 36 37 33 42 
90 89 148 180 188 192 194 191 165 158 138 80 43 41 40 40 42 51 68 80 79 85 68 56 58 65 66 69 70 73 80 82 89 89 94 93 90 92 92 99 93 94 97 96 97 92 87 86 87 87 85 86 84 80 79 77 80 71 62 56 48 80 166 207 213 214 214 214 212 214 215 213 192 123 60 56 53 53 55 58 60 62 60 63 69 69 66 60 63 60 69 86 47 36 43 56 60 55 50 43 48 46 33 38 37 30 34 38 48 72 70 48 43 46 45 40 35 31 31 43 
89 94 133 148 152 170 181 165 134 155 174 155 105 56 53 67 87 101 98 74 60 77 65 58 62 63 66 67 72 79 77 79 90 92 93 94 96 94 94 96 99 100 98 99 99 90 79 82 80 80 82 79 79 75 77 76 87 113 80 53 48 49 94 156 196 212 214 215 214 215 186 135 90 58 55 60 58 56 58 58 60 63 60 65 69 71 70 65 60 62 60 67 68 43 45 60 62 56 50 43 47 46 34 34 36 35 35 38 34 31 42 46 42 45 41 37 35 34 31 43 
80 74 87 110 114 127 138 109 100 144 168 164 139 113 116 123 112 80 63 49 53 76 62 63 69 67 69 72 74 77 71 80 93 93 87 90 94 98 99 97 100 100 99 99 100 90 80 77 76 80 80 80 77 72 72 72 100 188 177 113 63 47 56 84 124 177 205 214 219 186 90 56 53 55 60 66 62 60 60 60 63 63 65 72 70 72 69 63 65 69 60 58 71 63 48 62 63 56 51 51 50 50 38 34 36 38 36 35 34 31 33 41 42 38 38 38 34 33 33 43 
80 70 69 75 93 113 117 106 112 136 141 138 134 134 123 100 70 51 56 49 63 75 62 60 65 67 73 79 79 76 71 85 99 94 87 86 90 97 100 97 94 98 100 98 97 92 89 82 77 82 80 80 79 74 72 69 99 197 212 194 150 98 56 63 82 103 146 189 199 117 55 56 56 56 63 68 66 66 62 58 63 67 69 74 74 74 71 63 60 69 66 62 63 67 62 63 60 53 53 55 48 53 53 38 33 38 36 33 34 31 29 34 45 43 36 37 36 36 37 46 
80 65 66 67 66 77 113 136 126 130 131 131 131 123 116 103 90 84 77 66 83 69 62 63 63 66 72 77 80 79 80 85 90 97 94 87 87 98 100 93 87 90 96 96 90 87 90 85 84 84 77 77 80 77 74 72 97 193 214 211 207 187 103 51 70 77 87 107 97 63 53 60 50 55 63 65 66 68 68 67 67 67 68 72 77 74 69 67 58 63 66 67 65 68 66 63 60 51 50 50 45 55 127 127 66 37 31 33 30 30 30 30 40 43 38 38 36 33 35 46 
79 70 69 65 66 66 75 100 96 103 130 137 132 137 135 134 135 121 109 97 94 65 60 62 62 63 67 71 77 82 84 80 83 90 90 85 82 94 94 89 89 87 92 87 80 80 86 84 80 82 77 79 82 77 79 75 93 187 212 207 207 201 155 69 51 74 72 62 63 58 58 56 51 55 63 67 69 70 71 70 73 75 68 73 80 77 69 68 65 69 72 68 63 66 67 60 56 50 50 53 46 53 159 211 177 86 42 37 29 29 33 30 33 43 41 41 38 36 36 45 
77 67 68 68 65 66 65 70 94 121 148 152 146 154 160 160 155 142 135 121 94 58 53 56 60 60 66 67 73 77 76 71 76 80 82 86 90 94 90 87 90 94 92 89 80 80 87 86 80 80 80 77 80 79 79 76 86 175 207 199 192 184 167 126 71 60 63 63 62 58 56 53 62 62 60 68 74 77 71 71 71 74 72 73 83 79 71 66 65 67 70 69 63 63 68 60 53 53 53 50 46 55 156 215 217 142 123 137 82 45 31 29 28 35 41 42 38 36 36 47 
77 68 67 67 65 66 63 60 68 109 155 158 151 155 163 163 152 145 141 120 85 58 55 53 58 56 60 63 66 68 65 67 73 80 87 93 97 94 90 90 93 92 89 85 85 84 89 87 84 84 84 77 77 80 79 72 75 158 196 184 171 161 165 181 142 63 58 60 56 55 53 60 67 71 68 67 74 77 73 72 73 74 80 76 77 75 70 62 62 60 65 69 62 63 66 60 53 50 53 53 48 58 154 206 212 141 140 212 192 148 76 31 28 30 30 40 41 36 36 47 
89 74 68 67 66 67 67 63 65 73 113 152 158 154 145 141 142 148 133 100 66 56 53 53 56 55 55 60 67 67 63 73 77 92 98 98 100 96 94 94 94 87 83 82 87 85 89 87 87 86 83 77 77 77 75 71 69 140 188 177 174 175 188 198 130 53 55 60 56 53 56 63 67 70 73 70 72 75 72 74 83 82 79 80 82 77 70 58 60 67 66 67 63 66 68 60 55 53 53 51 49 75 170 194 188 99 76 182 207 188 120 55 40 37 34 34 41 41 38 49 
99 85 73 68 67 63 66 67 65 66 70 101 146 156 152 139 141 147 126 98 66 56 53 51 50 51 56 58 65 67 71 80 87 99 103 103 103 103 97 98 93 86 83 83 84 87 87 89 87 86 84 80 76 75 76 73 65 132 194 193 194 199 203 145 63 49 51 55 55 53 62 66 66 70 74 74 74 80 84 86 87 85 80 80 80 77 68 58 58 67 71 70 65 65 70 65 53 55 56 56 50 113 205 210 160 56 34 114 167 124 77 60 56 53 50 43 40 46 48 55 
85 73 73 71 71 69 67 69 70 68 67 69 98 105 113 126 148 158 134 100 65 56 60 56 53 53 60 62 62 69 75 82 89 97 103 107 105 101 99 98 94 92 90 87 87 90 89 89 87 85 87 83 77 77 75 68 60 129 205 203 203 207 155 68 50 55 55 58 58 58 60 63 67 70 72 71 75 83 89 93 90 84 80 79 80 70 58 60 60 67 72 75 69 65 69 66 55 60 60 53 71 163 211 199 100 35 31 56 84 68 60 58 56 56 51 46 40 41 47 55 
83 72 69 68 68 69 68 69 71 71 70 68 76 84 60 72 94 117 113 89 62 56 60 62 63 56 60 60 65 75 79 82 92 97 101 106 103 98 98 100 98 96 96 92 93 93 89 92 87 85 87 85 77 75 73 66 56 117 203 206 208 171 76 51 53 55 62 62 62 58 62 62 65 73 74 71 71 77 87 87 87 83 84 80 73 60 53 63 58 63 70 74 69 56 63 80 112 152 145 101 132 196 199 124 41 31 34 42 58 56 55 51 50 50 47 41 36 36 38 50 
83 72 70 70 69 68 67 66 66 65 70 73 72 84 84 46 40 48 55 53 56 60 62 67 68 62 58 56 65 74 82 84 90 96 98 103 103 103 100 98 98 97 97 96 92 94 93 94 90 86 87 83 77 72 69 62 53 103 191 202 175 90 56 53 53 58 62 58 58 58 63 66 69 75 79 77 76 77 90 90 87 84 80 74 66 58 56 60 56 65 73 75 65 55 60 121 201 208 203 189 188 191 140 53 36 36 35 43 58 58 50 49 49 51 48 43 38 40 42 49 
87 73 67 68 65 66 68 67 68 66 66 70 72 73 90 51 33 34 36 35 45 56 62 66 69 62 63 62 63 75 80 80 87 97 99 103 107 107 105 101 100 98 96 99 96 94 96 96 93 89 85 80 75 71 68 56 50 90 179 167 87 58 58 58 55 58 60 58 58 58 66 71 71 74 79 80 80 85 93 87 82 86 77 67 60 60 63 56 56 65 72 76 67 60 58 121 201 202 201 197 188 148 63 35 35 36 35 41 53 53 47 43 43 50 49 43 43 43 43 50 
87 75 73 72 66 67 72 68 66 65 63 63 69 67 82 74 35 35 36 33 41 56 60 68 66 60 63 60 63 76 83 83 87 90 87 99 107 109 101 101 103 103 100 101 105 98 96 97 94 90 85 79 73 69 67 56 48 83 173 105 56 58 58 62 65 58 58 62 66 63 69 71 75 77 83 84 80 83 90 84 76 77 76 68 63 72 72 60 58 63 66 71 67 66 63 97 155 181 193 194 174 87 36 38 35 34 33 46 51 50 47 42 41 46 47 47 48 42 43 53 
90 76 74 69 71 71 74 69 69 65 66 63 67 68 69 83 46 35 38 35 42 58 62 66 65 65 66 60 66 77 87 90 85 80 77 94 109 109 103 105 106 107 106 107 110 100 97 100 93 89 85 76 71 70 67 55 49 79 120 63 56 60 60 66 67 60 60 65 66 68 70 71 77 79 84 82 77 82 87 82 77 77 73 69 69 75 65 63 65 69 65 58 62 73 71 77 94 121 152 172 119 47 35 36 35 34 37 46 50 50 47 43 46 47 49 50 47 45 48 56 
97 77 76 71 69 68 67 67 67 66 66 68 68 65 63 80 56 35 38 35 42 60 63 60 62 63 66 63 67 80 89 87 80 82 80 97 111 113 111 113 110 107 111 113 110 105 103 103 100 92 86 77 70 70 65 55 48 55 58 56 56 55 63 65 67 60 60 60 63 70 71 72 77 80 80 75 77 84 85 86 82 80 73 72 80 68 60 63 62 69 71 66 66 72 72 76 80 85 105 111 58 38 31 31 34 34 38 45 49 49 45 43 50 49 49 48 49 47 49 60 
109 80 72 72 67 66 65 62 60 66 65 65 60 62 63 77 63 34 36 36 50 58 60 58 58 62 68 68 69 80 87 92 87 89 90 103 113 121 114 113 110 100 105 116 111 99 107 111 100 93 90 77 72 69 63 51 47 48 51 56 56 56 60 67 69 60 58 62 67 69 69 72 77 77 76 75 77 79 80 87 84 80 74 73 83 72 72 72 68 71 74 71 68 70 73 79 80 84 82 60 38 36 31 31 35 33 45 45 45 45 43 43 48 49 49 50 48 47 45 60 
121 96 75 71 68 66 66 65 62 60 67 65 60 60 62 69 65 36 40 60 99 73 60 58 60 65 68 68 69 73 82 90 97 99 101 107 114 125 121 113 112 107 106 117 112 96 106 110 107 98 90 80 76 72 60 50 46 51 58 63 68 66 66 72 72 63 55 58 68 66 63 67 70 76 76 72 71 69 72 74 77 76 74 79 76 74 77 80 74 70 69 70 67 72 73 76 82 82 62 40 35 34 33 31 34 40 49 43 40 43 46 43 45 50 53 50 46 45 42 56 
119 99 87 72 70 69 66 62 63 58 60 66 62 62 60 65 79 66 80 113 148 87 58 63 60 69 72 67 65 68 74 87 99 100 106 113 117 127 125 112 110 113 117 123 121 107 107 111 113 100 87 83 77 69 60 50 50 58 66 67 66 66 72 72 71 67 58 62 69 72 70 70 69 75 76 73 68 68 70 72 75 73 77 84 67 71 77 82 76 70 70 75 73 71 71 75 79 69 42 37 36 33 31 33 38 50 50 36 37 43 46 46 49 50 49 48 47 43 42 53 
120 107 99 76 69 68 67 65 63 58 58 62 62 60 56 65 126 136 144 164 175 109 60 66 63 63 72 65 60 63 70 75 89 103 112 117 121 125 123 109 113 120 124 123 120 113 114 117 107 100 90 84 77 65 50 45 58 66 67 69 69 68 71 75 72 71 66 66 74 77 75 73 76 77 75 74 75 76 79 79 71 70 77 79 70 77 80 80 76 71 68 70 72 72 71 74 68 45 31 31 36 31 33 36 50 58 50 35 35 43 45 47 47 46 43 46 48 45 42 50 
121 117 106 87 68 62 63 63 63 60 58 58 62 56 53 72 155 168 159 168 181 126 58 66 63 62 69 63 60 68 70 72 85 101 110 117 123 121 126 125 126 123 123 116 110 112 120 117 105 97 94 86 76 63 47 50 68 70 72 76 72 69 72 74 72 72 74 76 79 77 74 74 80 82 82 80 80 80 80 79 72 71 76 73 70 77 80 79 75 69 67 71 73 69 62 63 51 35 31 31 30 33 38 53 58 56 50 42 36 40 45 45 43 41 40 38 43 43 41 48 
124 107 92 97 80 65 63 60 62 60 60 56 58 55 51 87 168 166 151 155 165 120 56 63 63 63 62 62 63 72 74 74 87 96 97 110 123 121 124 134 136 133 127 117 107 117 120 111 100 94 94 87 75 60 47 58 71 74 75 77 72 74 71 71 73 74 76 79 84 80 76 77 83 82 85 85 80 84 83 80 71 75 80 74 70 80 82 75 71 65 68 69 67 58 50 43 43 53 53 48 40 43 53 56 56 56 48 42 40 38 42 43 42 42 42 43 45 43 40 50 
117 87 80 90 94 71 63 60 60 60 63 56 55 50 51 123 172 144 120 120 116 87 60 60 63 63 60 63 70 71 75 77 82 87 94 105 124 127 119 133 142 139 127 113 110 119 121 110 94 87 94 93 76 55 49 58 68 76 75 76 73 76 76 73 76 77 79 77 82 84 77 79 87 87 82 82 89 85 86 85 75 77 80 73 69 79 80 72 68 67 62 66 62 55 50 40 43 58 76 72 55 42 48 50 53 53 49 41 42 41 38 41 40 40 43 45 47 42 38 48 
107 75 74 77 89 87 69 65 60 56 56 60 53 49 90 177 178 129 85 72 70 70 63 56 60 63 58 65 72 73 76 79 84 90 96 103 116 131 131 134 138 138 126 121 119 124 123 112 93 82 93 90 73 51 53 63 72 75 77 77 72 73 77 77 77 79 80 82 82 84 83 83 89 87 85 83 89 89 89 85 76 77 80 77 77 83 82 74 69 67 63 60 51 48 58 58 50 49 67 76 58 40 38 42 46 50 49 43 43 43 40 40 38 38 38 43 43 38 38 50 
93 72 71 72 74 83 73 63 60 56 56 56 58 97 181 207 189 150 89 65 69 70 63 56 60 58 58 66 72 77 84 80 86 90 98 103 114 130 138 138 125 130 134 131 129 127 127 123 100 83 87 86 66 55 60 69 76 74 71 75 79 80 80 83 83 84 84 87 87 85 83 86 89 85 89 87 89 90 83 80 77 71 75 79 77 82 77 72 69 63 58 53 43 45 51 68 63 47 53 65 56 36 31 38 47 49 43 42 42 42 41 40 42 40 40 43 40 37 38 50 
80 66 68 69 67 67 76 92 85 73 74 98 144 191 211 206 196 164 109 75 76 77 68 58 56 55 60 68 74 80 86 83 84 93 103 103 111 124 127 132 125 124 140 139 127 126 137 132 110 97 94 85 63 56 60 70 73 74 73 76 83 85 82 84 83 83 80 86 89 84 84 90 90 87 89 89 87 84 72 71 72 67 70 77 77 82 76 70 68 63 58 53 48 42 51 63 71 50 48 46 43 33 29 38 50 46 42 41 40 41 38 37 37 40 43 43 38 36 38 50 
80 63 60 63 62 63 131 196 181 139 129 159 185 191 194 196 188 156 109 85 87 85 80 60 55 55 58 68 80 86 87 85 80 89 105 107 117 132 129 135 140 138 145 147 126 121 137 134 119 107 100 82 56 58 65 71 74 73 71 76 77 82 80 84 86 80 80 83 85 85 87 87 90 90 94 90 86 80 69 68 73 67 71 76 80 80 77 71 66 65 56 58 56 43 49 60 67 56 55 46 49 38 30 36 45 43 43 43 40 40 38 34 33 41 43 40 40 38 34 49 
76 62 58 58 53 94 193 215 205 174 124 98 109 139 164 172 168 161 144 137 130 117 109 83 56 55 60 66 77 86 98 99 90 94 107 113 126 136 136 142 151 153 152 147 138 126 133 127 117 106 97 67 48 63 67 67 71 74 77 77 77 79 82 83 87 85 85 79 77 90 96 90 92 92 94 87 83 80 77 79 74 68 72 79 82 77 70 68 65 58 53 60 60 50 47 56 63 58 58 56 56 43 28 29 35 40 45 43 38 38 36 35 37 43 43 38 37 38 37 51 
72 56 56 56 80 172 215 214 208 194 155 90 79 119 147 155 160 175 185 188 181 164 142 126 73 53 58 62 77 87 96 101 99 99 110 113 126 135 135 139 142 148 153 141 139 126 127 121 111 106 90 50 42 63 66 69 71 75 83 80 76 76 80 85 86 85 86 82 80 93 94 94 94 87 85 84 84 77 85 92 76 65 75 73 73 71 63 63 58 56 58 62 63 58 43 50 62 60 66 68 60 50 37 30 31 40 43 42 38 34 34 35 43 43 42 45 38 36 38 56 
71 62 69 77 97 174 211 214 211 207 192 158 140 148 163 178 185 193 202 203 200 189 161 148 114 60 60 66 71 83 90 98 100 96 109 119 121 131 134 140 142 144 146 145 140 133 137 131 121 107 72 40 43 63 63 66 69 74 83 82 77 77 83 86 90 90 87 87 86 92 93 98 97 87 84 83 79 75 77 80 79 66 71 68 69 71 67 63 55 51 58 60 62 63 46 46 58 63 71 69 66 58 60 42 29 33 40 38 35 30 34 38 45 41 38 50 55 47 40 55 
87 74 80 83 87 158 203 210 210 207 205 198 186 180 179 191 199 197 203 207 207 201 174 147 140 103 67 66 66 76 86 92 100 100 109 117 116 123 133 141 148 147 150 155 152 137 129 132 107 77 53 43 48 63 63 66 67 71 80 82 79 77 79 86 90 96 94 90 87 89 94 103 99 90 84 85 80 79 76 72 79 66 63 63 67 69 65 58 56 50 53 56 56 58 51 56 68 75 70 69 68 63 67 46 31 41 66 63 43 31 34 45 43 40 38 43 46 46 48 55 
62 56 83 87 90 144 178 191 197 202 207 207 201 197 185 186 196 194 199 207 208 206 188 151 135 138 114 71 63 70 79 84 94 106 113 124 124 121 125 140 151 152 154 156 148 125 96 98 82 77 85 72 51 58 60 67 68 72 75 83 80 77 75 80 90 97 94 89 92 94 98 103 100 93 84 80 79 87 76 70 74 66 58 63 67 65 60 53 48 55 48 50 58 60 71 76 76 70 66 67 65 66 63 43 31 60 141 163 131 77 46 45 38 38 38 38 36 38 46 53 
70 74 83 71 66 83 103 125 152 181 198 203 205 196 168 168 178 180 186 201 207 207 198 171 145 138 153 121 72 68 75 80 89 99 110 121 117 110 125 140 148 144 140 134 125 103 89 87 86 92 90 70 53 56 60 63 69 73 71 77 82 79 76 77 87 98 94 92 94 89 94 100 99 96 90 82 83 89 77 70 63 66 66 63 63 62 56 53 49 58 63 69 72 70 69 67 63 56 58 63 66 66 58 45 31 66 165 201 198 165 90 40 37 37 38 38 33 37 37 43 
84 87 67 50 50 53 62 70 82 119 159 189 206 188 125 137 152 151 154 187 201 207 205 192 173 159 155 163 129 80 74 74 84 97 107 117 116 94 93 103 116 109 89 92 100 85 83 94 89 80 69 70 62 55 62 60 66 70 67 72 80 77 83 87 90 99 100 94 92 87 90 98 99 97 90 87 90 90 77 69 62 68 67 63 58 56 53 50 53 60 67 63 53 49 51 63 63 60 60 63 63 58 58 47 31 58 165 206 201 184 100 37 37 38 40 36 31 31 31 42 
84 73 51 43 48 50 55 60 58 66 106 172 207 172 77 94 117 114 136 174 197 208 208 200 189 185 177 163 167 146 94 74 85 97 113 125 131 121 103 87 87 87 63 68 86 80 83 105 100 96 82 80 71 53 56 58 63 66 68 72 80 79 80 90 96 100 100 94 90 97 99 100 100 96 87 86 90 85 80 74 63 63 62 62 56 53 50 53 58 56 50 47 49 51 56 65 76 86 80 63 58 55 58 53 34 50 161 207 201 159 63 34 35 35 35 37 31 31 29 40 
79 58 46 43 43 45 48 56 60 77 133 182 207 159 56 63 89 87 113 165 194 205 207 201 197 198 197 187 174 180 174 132 90 90 109 123 129 131 123 107 92 86 74 72 80 86 101 113 101 92 80 56 46 53 55 55 60 68 72 74 77 82 80 89 99 103 99 96 96 103 106 109 100 92 82 79 87 79 74 71 69 58 62 67 58 58 56 55 56 56 50 50 63 80 69 69 113 121 85 56 53 55 56 53 36 43 151 208 198 117 40 36 36 37 37 37 31 30 29 40 
79 58 49 43 40 41 46 51 70 126 180 200 210 154 50 51 76 86 110 161 188 200 201 194 189 197 202 197 185 184 194 191 138 75 87 112 123 126 119 109 98 85 72 73 83 84 97 103 97 84 56 31 31 50 55 53 62 69 70 76 77 82 84 87 98 107 101 103 106 109 107 112 101 89 79 77 79 74 71 67 63 53 58 63 58 58 58 58 58 56 58 71 103 131 94 70 109 87 56 53 53 51 56 55 43 34 113 198 185 79 36 36 34 36 35 37 31 29 28 38 
76 60 55 48 47 43 47 56 87 148 185 202 208 138 42 47 65 83 106 144 173 185 182 172 164 178 193 193 184 180 184 185 141 50 51 72 92 100 94 94 92 85 70 74 87 84 77 60 50 40 31 30 31 45 56 58 63 70 77 80 77 80 85 85 93 106 107 107 109 113 114 113 107 93 87 86 76 74 66 72 58 55 58 53 58 60 56 58 58 56 65 85 116 130 87 65 63 53 50 55 55 51 51 50 45 33 66 148 127 48 37 37 35 36 36 35 31 30 30 38 
77 66 60 56 53 50 49 56 87 140 177 196 194 113 35 41 55 71 93 125 155 172 172 166 161 171 175 180 179 174 170 168 114 43 38 43 45 53 53 53 53 55 55 58 82 79 47 30 29 28 29 29 31 37 53 62 67 75 84 80 76 79 84 87 87 100 103 106 110 113 110 109 103 93 92 84 74 79 79 83 60 58 63 60 66 60 58 56 56 56 58 62 63 66 60 66 55 55 55 55 55 56 50 48 46 37 40 72 60 38 38 37 36 34 36 33 31 31 29 38 
90 90 73 65 60 56 60 73 92 117 139 150 148 80 34 36 45 60 79 111 147 172 179 175 172 168 166 167 170 168 155 139 92 43 45 42 40 38 38 38 36 34 33 47 80 82 43 30 30 31 29 29 29 31 49 60 66 75 83 80 74 79 83 90 94 100 103 103 103 103 103 105 103 97 94 80 74 74 85 87 66 60 65 69 68 58 58 60 60 58 53 49 43 50 60 68 56 51 53 51 50 53 49 48 53 43 38 43 41 38 38 41 40 38 38 33 30 30 30 53 
129 116 89 80 73 77 100 125 131 117 100 90 89 51 31 31 38 50 60 80 120 167 182 179 172 163 160 164 165 163 148 117 80 43 42 40 38 38 38 38 36 35 33 48 82 82 45 31 29 30 31 31 33 31 42 56 66 76 86 92 84 82 89 92 89 97 100 100 90 84 100 105 107 100 85 69 71 75 83 82 68 66 69 72 65 60 60 60 60 60 49 49 48 55 60 63 53 50 51 46 40 43 46 47 56 56 41 38 35 31 34 38 42 40 41 34 31 31 38 66 
151 126 100 92 87 105 132 152 155 138 112 103 105 55 31 31 33 40 50 60 77 117 155 161 148 140 144 155 160 156 134 109 84 47 38 40 38 38 38 36 34 36 30 43 77 82 46 30 29 31 34 31 31 30 34 49 65 80 89 97 90 96 107 97 87 100 100 98 94 90 105 111 114 103 73 70 70 82 96 79 67 70 76 74 60 58 62 60 60 58 49 49 49 53 58 63 50 45 46 41 34 36 42 47 50 50 38 31 31 29 31 36 38 37 41 34 31 36 53 72 
140 120 106 96 98 120 145 161 164 146 121 134 142 74 31 31 31 31 38 47 56 70 93 109 107 111 126 144 151 142 120 103 92 56 38 37 38 37 38 36 35 36 31 43 77 84 47 29 33 33 30 31 31 31 31 42 60 80 86 99 97 90 105 94 98 110 106 107 106 113 120 123 131 90 71 68 77 77 93 79 68 76 84 67 58 60 58 63 63 58 47 48 43 43 53 60 43 37 38 33 30 31 46 53 53 55 42 36 34 31 30 31 29 34 36 31 35 51 63 73 
124 109 103 96 94 113 146 161 159 146 142 155 168 106 34 29 29 28 30 31 41 53 63 73 86 107 123 133 135 123 107 100 92 72 40 34 38 40 36 34 36 34 31 42 77 82 46 26 31 31 31 30 29 26 28 33 51 73 80 77 87 70 69 72 99 116 112 106 87 114 121 132 120 83 72 63 67 75 96 83 80 89 77 60 60 63 62 60 63 56 46 50 42 34 45 60 42 35 34 29 29 31 50 58 63 60 48 40 36 35 31 31 28 31 36 36 53 58 60 72 
113 100 94 87 89 98 126 150 155 163 173 180 188 152 56 26 30 28 28 29 29 37 47 58 66 80 101 119 116 105 94 89 80 83 53 37 40 38 35 35 38 37 34 42 72 82 51 29 31 33 31 28 29 29 25 30 41 67 84 74 65 67 69 75 89 101 93 96 89 90 92 107 101 90 74 65 74 86 101 99 99 80 58 58 60 60 60 60 60 51 45 49 46 31 42 58 43 35 33 31 31 35 41 49 65 56 50 40 35 31 33 33 28 31 40 53 63 60 56 68 
126 101 86 79 85 87 106 141 156 174 185 187 187 180 103 31 28 29 29 30 28 30 33 40 51 63 75 86 96 98 90 83 79 90 75 42 38 36 43 55 56 56 43 43 74 85 51 38 36 33 26 29 31 31 28 30 37 49 73 87 75 68 69 87 92 96 99 113 114 103 107 117 110 99 82 80 99 94 106 114 87 56 53 58 58 58 58 60 58 46 42 47 49 34 40 56 41 31 30 33 35 33 33 50 62 58 51 41 34 31 31 31 28 33 53 63 66 62 56 60 
151 112 87 77 75 70 69 117 146 171 184 168 159 181 158 70 30 29 26 26 31 29 29 29 35 46 55 63 77 86 90 93 94 96 93 53 38 53 63 56 53 53 37 47 79 86 50 40 38 29 28 31 31 30 29 31 31 31 46 76 92 90 89 93 97 103 107 103 106 110 109 110 94 97 100 107 120 110 119 90 58 53 53 55 58 60 60 63 53 43 43 43 45 38 41 53 38 31 28 25 29 33 33 50 63 53 46 37 34 31 29 30 29 45 62 60 60 58 56 55 
172 136 110 99 83 63 40 50 73 99 119 100 107 164 168 114 43 29 30 29 28 25 29 29 28 31 37 43 55 68 75 83 94 103 94 69 56 53 45 45 51 38 35 49 84 93 50 41 46 38 33 30 28 28 29 30 28 26 35 56 69 85 103 100 92 87 73 60 76 82 90 106 74 62 103 114 132 134 84 51 51 56 58 60 60 58 56 60 51 45 45 45 46 40 43 51 30 30 26 26 28 31 30 34 41 49 49 41 34 31 29 31 43 56 58 60 53 56 56 56 
181 152 131 130 117 84 43 35 35 36 42 43 50 70 79 70 48 40 38 36 33 31 29 30 28 28 25 30 38 46 53 65 76 76 58 46 41 34 40 70 46 31 34 47 72 84 47 41 53 55 43 36 34 33 31 28 30 38 45 38 31 40 50 53 67 73 60 62 87 96 80 89 77 49 73 100 94 69 51 50 50 56 58 63 62 62 60 47 48 51 45 46 43 38 42 50 30 26 26 29 28 33 30 28 29 35 43 42 35 33 31 45 58 58 53 56 55 56 53 56 
181 155 139 144 139 111 51 38 37 33 35 34 34 31 33 36 38 37 38 38 41 38 40 37 35 31 25 26 28 30 37 55 50 40 38 33 34 33 67 76 36 31 36 60 87 79 48 42 50 50 43 53 55 43 35 36 48 47 31 26 26 29 28 26 36 50 56 74 90 90 76 80 84 63 58 55 50 46 50 53 51 56 58 60 63 63 53 40 42 53 49 45 37 28 38 50 29 24 24 28 31 38 30 30 26 23 26 31 38 33 45 56 56 60 63 56 56 58 51 58 
179 153 144 151 146 125 58 34 36 31 36 37 34 33 33 35 34 35 37 36 36 37 36 34 35 38 35 37 40 37 43 43 41 38 37 38 33 42 96 70 40 36 38 73 109 90 56 45 43 31 35 45 50 50 48 51 46 31 25 24 26 26 28 28 34 46 56 77 87 73 56 62 55 49 51 50 49 53 51 51 53 56 58 60 63 60 43 38 38 48 55 40 25 25 37 48 26 21 24 25 38 42 33 31 30 28 24 25 33 43 56 60 56 60 63 56 53 56 55 62 
175 151 147 156 151 130 62 35 38 38 37 34 30 33 33 35 35 35 35 36 34 36 35 34 34 35 38 45 63 60 45 37 37 38 36 41 33 72 111 65 43 38 34 48 86 97 65 41 37 30 38 40 42 43 49 47 31 25 25 26 26 25 25 28 29 43 60 82 94 74 48 50 50 51 55 50 50 56 55 53 53 56 60 63 62 45 40 42 38 43 45 26 25 26 36 48 29 25 26 30 38 42 35 33 37 30 25 25 41 60 60 60 60 60 58 60 55 56 53 69 
174 150 150 161 156 136 68 36 42 41 37 33 33 31 31 31 33 33 34 33 31 34 35 31 31 31 33 34 42 55 45 34 33 33 36 40 45 93 117 72 53 47 38 36 60 99 75 43 31 33 43 45 42 38 43 40 30 26 21 25 26 26 26 26 25 42 66 96 94 63 47 50 50 50 51 50 53 55 55 56 55 56 58 60 48 38 38 41 38 38 30 24 25 29 37 47 28 25 28 31 38 42 38 33 37 35 25 40 60 60 60 62 60 55 56 56 58 60 53 70 
177 148 154 165 161 152 92 36 36 35 36 33 31 30 31 31 30 33 33 29 29 31 31 31 33 33 31 31 31 33 37 35 31 31 31 35 60 100 117 69 43 50 50 46 45 80 90 58 42 47 50 49 42 38 42 45 37 28 25 25 24 24 25 26 25 38 73 103 99 55 47 50 48 50 56 53 53 53 53 56 56 58 56 47 40 38 37 38 36 35 25 21 25 28 35 50 30 25 21 29 36 37 37 36 33 37 43 58 60 58 60 60 62 58 53 53 67 63 56 80 
178 150 151 165 161 152 109 38 31 35 33 31 31 29 30 33 29 31 33 36 36 33 31 31 33 31 31 31 31 33 33 31 31 31 31 29 62 100 110 67 33 48 53 58 55 67 94 76 50 41 46 49 50 51 47 42 42 31 25 21 26 28 25 25 21 33 82 106 87 48 48 49 48 50 56 53 55 58 56 55 53 51 48 40 37 37 38 40 37 31 24 20 26 25 35 50 30 23 21 30 34 33 34 33 35 45 58 62 62 60 58 56 56 56 53 56 73 66 77 93 
175 145 136 151 158 139 93 42 30 33 33 31 31 33 30 31 31 36 41 43 40 36 33 31 31 30 31 31 31 31 31 30 30 30 30 30 62 99 99 77 58 60 58 55 53 50 85 90 49 41 49 51 53 56 50 46 48 40 28 23 25 25 25 24 21 40 83 100 80 47 48 49 46 46 53 50 53 56 56 53 45 29 35 43 38 36 41 41 36 29 25 18 26 25 35 53 31 21 23 29 31 31 33 35 50 58 58 62 66 60 62 60 56 56 56 66 72 68 82 101 
170 125 107 123 139 113 63 45 37 31 31 33 30 31 31 31 34 38 42 43 38 38 31 29 26 29 29 29 28 26 30 30 30 31 30 29 58 96 92 89 63 41 34 37 38 38 60 85 56 48 50 53 55 56 56 63 58 50 48 40 35 28 24 21 21 50 90 100 67 43 47 48 50 49 53 51 56 55 51 41 28 21 28 40 38 37 36 38 35 26 24 21 25 25 31 50 31 23 23 29 29 26 33 50 63 60 63 63 66 63 63 63 60 56 62 77 69 75 98 134 
159 103 72 87 105 84 46 42 43 34 31 31 31 31 31 31 35 37 38 38 36 30 30 30 28 26 29 28 29 29 29 31 33 31 31 25 53 90 87 90 60 31 31 37 41 38 47 79 66 49 49 51 55 53 53 56 58 56 58 56 51 43 38 31 31 60 93 90 53 42 45 45 47 51 58 53 56 49 35 25 24 23 21 34 38 36 34 36 33 23 23 25 24 24 31 53 33 26 24 26 30 29 49 60 63 62 63 63 63 62 60 56 55 55 74 77 72 90 103 123 
125 79 60 65 71 56 43 40 41 42 37 33 29 29 30 31 31 33 36 35 31 30 30 28 30 30 29 26 26 30 29 31 31 30 29 29 49 89 89 87 63 34 34 37 38 35 38 60 77 53 50 53 56 53 51 53 53 53 53 56 56 56 56 56 51 71 90 79 47 38 41 41 40 65 71 49 41 31 28 25 25 23 21 25 34 34 34 34 29 21 19 21 28 25 31 50 35 26 23 21 36 50 60 60 58 63 63 60 60 60 58 56 53 75 97 73 73 77 98 121 
82 63 60 60 60 47 40 38 41 40 42 41 36 29 29 31 35 35 41 35 29 31 29 25 29 26 29 29 29 31 28 28 29 31 31 29 43 86 89 85 76 46 37 37 36 33 34 47 77 63 50 58 56 55 50 53 55 53 50 49 53 56 55 60 60 77 90 73 53 42 40 40 45 62 63 38 29 26 25 26 28 25 25 25 29 31 31 33 31 26 20 20 30 25 31 48 35 25 23 33 53 58 56 58 62 63 60 60 60 58 58 63 71 105 87 73 83 92 121 145 
58 55 60 63 60 46 41 42 40 41 43 45 43 38 37 37 38 37 35 31 34 30 26 28 28 29 30 28 26 26 28 26 29 30 31 28 35 75 87 85 84 56 31 33 36 34 31 34 71 75 45 48 50 50 50 50 50 53 49 48 48 48 51 51 58 84 100 74 56 43 38 41 43 43 58 34 28 25 24 26 31 30 26 25 21 31 34 34 31 29 21 24 30 25 30 49 37 29 43 58 60 58 58 63 63 63 62 58 63 63 60 60 100 106 77 83 87 107 132 152 
49 42 50 56 62 50 49 49 49 41 42 41 41 41 41 42 41 36 31 29 31 31 29 29 26 26 26 23 28 30 28 28 26 29 43 38 29 60 89 85 80 68 37 33 33 31 33 30 58 85 50 37 36 40 43 41 42 46 43 43 41 35 38 46 62 97 94 58 43 38 38 38 37 36 58 42 24 24 25 25 29 31 30 24 17 29 34 31 25 25 19 20 30 25 42 67 58 56 63 60 58 58 55 63 63 63 65 63 53 41 43 86 116 84 73 84 90 107 138 132 
46 35 40 43 50 48 42 40 48 41 38 40 38 41 41 40 40 42 38 36 31 30 34 30 28 26 26 26 26 29 26 31 40 56 97 103 37 46 84 83 75 74 53 35 33 31 33 29 49 90 63 31 34 34 40 35 33 33 34 38 38 34 30 35 66 105 83 40 38 35 38 42 37 33 46 53 26 26 25 25 29 34 30 28 21 23 31 29 20 21 23 23 25 47 101 100 76 65 62 56 58 58 56 62 63 56 49 37 25 26 70 117 96 89 105 103 103 120 126 75 
45 33 34 36 34 38 38 42 38 38 43 41 38 38 40 38 38 43 43 42 40 38 40 36 36 37 35 36 40 50 58 55 60 76 107 136 66 31 76 85 83 75 63 42 31 30 31 30 37 77 77 36 31 36 40 31 29 28 33 34 33 36 31 33 77 111 71 35 34 33 40 42 35 31 34 58 37 21 26 29 31 31 29 28 29 24 29 28 15 17 23 21 38 93 74 51 58 56 56 56 56 58 62 53 36 30 26 25 25 63 119 105 89 93 107 112 111 132 72 43 
43 33 36 36 35 40 42 40 40 38 37 41 41 40 41 40 41 40 41 38 43 46 41 42 43 43 41 40 45 51 50 43 42 41 49 58 46 30 60 87 84 79 70 56 31 31 31 31 31 53 82 47 30 36 38 31 29 30 31 30 34 34 36 43 83 103 63 37 31 36 47 45 36 34 30 43 46 28 33 36 37 34 31 31 30 25 25 28 19 21 20 25 76 70 26 38 47 31 31 34 30 33 38 33 21 24 25 21 60 123 121 87 87 100 114 135 131 94 31 43 
43 33 38 45 47 42 40 40 38 38 40 38 38 40 42 41 40 37 38 38 48 50 48 46 46 42 41 37 34 34 31 31 33 31 31 30 33 31 38 77 83 77 74 71 45 31 31 31 34 40 76 60 29 31 40 30 29 28 33 30 33 31 36 51 66 80 47 36 38 46 56 55 40 37 31 33 56 42 38 38 38 35 33 31 30 26 26 26 24 21 19 58 76 29 20 36 49 26 23 20 23 25 33 37 28 24 21 48 123 129 96 98 103 109 127 141 109 41 30 69 
41 31 43 56 58 45 38 41 40 40 38 38 37 38 38 38 37 37 41 46 50 51 53 50 50 50 51 46 38 33 36 33 35 34 33 30 31 30 30 63 85 79 75 76 63 37 31 30 30 36 60 67 35 30 41 30 26 26 30 28 31 31 38 60 72 80 41 45 53 56 62 56 37 34 29 26 50 51 41 40 41 34 35 34 31 26 28 25 21 18 46 89 41 21 23 31 50 30 20 23 24 26 31 38 38 30 36 97 134 111 94 103 114 129 147 139 66 40 45 74 
43 31 46 63 60 47 41 37 38 38 37 37 35 36 38 34 38 43 46 50 53 53 50 53 50 50 51 51 40 28 40 46 45 43 42 40 37 31 31 46 80 80 76 76 72 53 31 31 30 33 45 67 47 33 38 34 29 26 26 26 30 30 43 83 107 72 38 40 47 58 58 43 34 34 28 21 34 56 45 43 41 40 38 36 31 26 28 28 21 38 87 50 29 25 25 28 48 35 19 21 21 20 28 40 50 48 83 132 120 113 107 113 121 142 151 74 37 38 38 73 
43 31 43 56 56 50 43 37 37 38 38 38 37 38 38 36 38 45 51 51 51 50 50 53 51 51 50 50 35 29 40 51 49 47 49 47 43 40 40 38 68 86 80 76 74 67 41 29 30 34 38 63 63 58 49 33 31 30 28 29 30 30 51 94 105 47 43 46 49 63 60 47 34 34 25 21 25 56 51 43 43 43 40 37 31 31 31 26 31 80 62 21 28 26 26 31 48 40 19 25 26 25 24 36 38 62 119 131 126 123 123 134 141 141 100 35 34 38 34 63 
43 31 38 53 56 55 45 37 38 37 38 36 35 38 40 35 38 41 50 51 51 49 49 49 49 53 53 43 30 31 38 47 48 46 46 46 43 41 43 43 51 79 83 80 75 72 60 50 45 37 38 56 70 63 49 33 35 36 35 33 31 37 68 112 87 42 53 56 58 62 60 50 35 33 25 19 26 43 56 38 36 42 40 36 34 33 31 31 76 79 25 20 18 23 29 31 45 43 25 24 24 25 25 28 43 99 137 148 137 123 142 165 164 116 45 30 31 40 41 53 
43 31 36 47 56 62 53 40 38 38 38 36 34 38 41 42 42 37 41 48 50 49 47 48 50 50 43 31 30 30 40 45 47 45 43 43 43 45 41 45 48 67 85 80 77 75 68 83 86 63 86 63 66 65 50 35 35 38 41 38 36 49 87 113 63 51 60 63 58 58 58 48 35 33 23 25 30 37 56 38 31 38 43 46 38 31 31 73 84 34 19 20 20 24 31 29 37 45 26 23 25 25 23 31 77 125 148 152 142 152 174 172 126 49 30 31 33 40 47 49 
47 34 33 41 55 66 63 43 36 38 37 37 36 35 37 38 43 38 38 40 43 47 46 47 53 43 31 30 26 29 42 47 42 42 41 41 43 43 40 45 46 55 80 85 77 73 69 71 80 82 100 83 67 67 48 37 41 43 42 45 43 60 103 94 55 58 65 66 62 60 62 43 38 35 26 29 33 34 51 51 33 40 53 48 33 31 69 90 41 26 25 17 17 28 33 30 36 47 28 21 25 25 24 50 117 146 160 155 158 178 175 123 50 29 33 35 35 41 50 60 
47 38 33 37 51 65 65 50 37 36 38 38 36 34 36 40 43 42 43 41 43 43 46 53 47 37 35 35 34 34 42 49 42 45 45 41 40 41 37 40 43 46 65 82 77 73 73 68 63 55 63 71 56 67 50 43 53 63 60 53 50 73 113 71 58 66 66 65 68 68 63 42 36 34 29 31 34 30 40 62 40 46 50 35 28 66 90 49 31 31 25 15 21 43 43 31 35 50 31 20 24 21 34 98 161 172 171 172 185 168 107 41 25 34 31 43 43 49 53 71 
47 43 35 31 45 56 58 51 40 34 36 36 36 35 37 38 43 48 43 42 42 46 58 49 38 38 35 37 38 41 46 53 50 49 47 46 43 42 42 38 43 43 46 69 77 74 73 72 66 58 48 48 48 68 62 58 69 70 69 73 65 93 111 67 68 70 67 67 72 77 73 46 37 36 31 35 33 30 34 56 53 43 36 28 58 90 50 36 37 33 29 19 41 71 53 36 33 50 35 21 25 28 68 142 167 173 179 181 152 82 33 25 31 35 37 53 53 53 60 74 
51 53 42 29 34 45 51 51 47 35 35 36 37 36 35 37 43 45 43 40 50 63 53 42 45 40 35 36 38 43 50 53 53 51 50 50 48 46 45 41 40 42 41 53 73 74 72 70 69 63 58 51 46 58 70 53 50 50 45 50 68 111 94 74 80 80 80 82 83 83 70 47 40 37 34 33 31 33 33 49 63 36 31 69 93 48 37 40 47 42 25 33 63 70 50 37 31 47 37 25 33 50 124 161 173 174 148 101 53 31 28 31 37 38 45 58 50 60 69 75 
60 67 66 36 31 43 50 51 49 38 34 38 37 38 37 36 43 45 43 53 69 58 50 46 42 38 37 38 38 42 53 56 53 51 48 43 46 47 43 40 40 38 38 42 63 76 72 70 71 65 62 47 42 50 68 55 47 50 50 50 86 126 58 46 53 56 58 66 74 80 80 77 73 67 55 46 42 38 37 43 62 48 68 99 47 29 49 70 77 58 33 47 53 53 53 58 58 56 43 40 50 96 155 161 144 100 67 50 40 31 31 38 41 42 47 53 53 71 71 75 
70 82 97 58 31 42 50 50 49 42 36 36 36 35 36 33 37 43 58 67 67 56 58 51 38 40 40 42 38 43 50 56 56 50 47 47 48 45 43 41 38 37 37 37 43 69 73 72 70 67 63 50 45 45 60 58 50 50 50 58 144 130 47 45 47 47 45 46 46 48 48 49 53 56 63 69 73 67 65 58 62 74 96 87 60 53 77 103 93 71 63 75 77 86 90 90 87 75 58 55 76 103 94 68 41 29 50 60 40 31 42 45 43 43 49 55 60 73 63 73 
75 84 117 90 38 38 50 49 48 47 41 37 37 36 36 31 30 50 67 60 66 60 56 43 38 38 37 42 42 48 51 58 53 50 47 49 48 49 45 42 38 38 37 38 38 49 71 70 69 68 67 56 48 42 53 56 51 51 48 86 188 105 43 47 46 43 43 43 41 40 36 38 40 37 37 42 46 46 53 53 62 85 97 117 119 93 92 105 89 80 82 83 76 63 55 48 51 60 71 65 41 36 25 28 29 29 48 67 43 42 43 43 46 47 49 53 68 66 56 66 
73 72 123 121 58 34 43 42 41 43 43 38 34 34 35 33 47 68 65 67 82 62 45 42 43 40 43 46 43 51 58 60 51 50 50 48 45 47 43 40 40 40 37 35 36 38 58 70 72 71 69 65 51 43 46 53 53 50 51 137 168 66 48 48 42 40 41 42 40 38 38 41 43 42 35 35 38 50 67 58 53 79 98 90 58 41 56 70 47 36 37 37 38 33 33 34 42 67 84 49 21 29 30 31 33 33 43 66 48 45 43 46 50 47 43 53 75 55 46 58 
68 56 113 138 83 31 37 35 31 34 38 38 35 35 33 48 67 66 71 75 76 56 50 49 50 43 43 56 58 53 58 60 51 53 50 47 45 49 46 42 42 42 40 38 37 36 45 67 71 69 68 67 62 43 37 47 53 50 82 180 121 53 55 50 45 43 43 45 40 38 41 43 50 53 58 73 84 87 73 51 62 72 87 85 40 30 38 38 34 31 30 29 31 31 33 31 33 55 51 28 26 29 31 30 30 31 46 68 43 40 45 45 47 47 45 62 69 46 42 46 
60 41 92 137 101 42 36 34 29 28 31 33 35 34 47 68 63 71 74 67 53 45 50 45 47 47 46 50 62 60 60 53 50 49 50 49 49 50 49 46 45 43 42 40 40 37 37 58 73 70 71 70 69 51 33 40 45 43 121 168 90 82 85 83 80 79 75 74 73 73 77 80 84 83 79 70 51 41 36 55 90 65 71 90 69 37 35 34 36 35 33 33 36 30 31 31 31 41 49 31 26 23 28 31 31 30 37 76 49 33 43 43 47 46 46 65 63 92 87 56 
51 34 60 113 103 49 34 35 31 28 26 29 31 46 71 69 71 80 79 65 53 56 58 55 62 55 53 51 60 71 60 49 50 51 56 58 56 50 48 49 46 43 43 42 43 38 38 48 68 68 68 70 66 53 38 38 45 58 123 94 46 50 56 63 68 68 67 62 63 60 60 53 43 38 31 26 28 29 42 92 76 40 66 72 86 60 35 35 34 31 31 33 35 31 30 30 31 38 50 48 50 33 25 29 31 30 29 56 75 60 50 40 40 42 50 83 75 103 129 119 
46 31 38 75 90 55 34 34 31 25 29 42 65 75 70 73 86 84 62 55 56 67 70 63 62 62 56 63 71 80 58 45 53 56 56 60 58 53 50 53 49 48 47 45 43 41 38 41 58 67 67 66 60 50 46 38 50 73 93 58 46 43 43 47 47 43 38 29 30 34 41 33 28 31 28 28 30 31 75 93 42 33 63 58 66 87 56 33 31 30 31 30 31 31 30 30 31 37 48 49 58 40 24 26 29 31 30 45 82 94 87 53 36 42 68 100 85 63 105 153 
38 28 31 50 72 58 35 33 33 31 37 72 90 74 71 80 79 62 50 48 50 53 55 58 58 58 58 60 66 72 50 45 53 55 53 55 56 51 53 51 53 51 53 50 45 43 43 45 43 53 56 50 42 38 38 35 41 69 89 111 73 46 48 48 49 45 36 31 29 33 38 31 34 35 31 29 29 60 93 50 36 35 56 56 43 72 83 55 33 35 30 31 31 31 30 29 29 36 47 38 29 28 28 28 28 28 37 41 63 94 107 90 69 51 73 89 103 79 73 126 
41 29 31 38 56 58 40 30 37 56 62 76 69 69 79 77 62 58 60 58 55 58 63 60 56 56 58 58 62 60 51 48 50 53 56 53 56 56 55 55 56 55 53 50 48 48 47 48 42 40 41 43 37 35 34 34 35 56 125 152 87 45 48 49 50 43 34 31 30 36 36 31 31 34 31 21 53 103 58 33 38 36 47 65 45 47 68 80 49 34 30 31 28 29 29 28 29 35 50 41 28 25 26 25 25 26 30 43 63 96 114 103 89 82 80 60 83 96 70 80 
43 31 30 31 43 58 50 31 34 60 83 72 68 75 73 60 53 60 70 69 58 60 71 73 62 51 51 56 62 56 53 50 53 55 56 58 58 60 62 60 60 60 56 56 50 50 47 43 43 43 42 42 40 38 34 31 34 62 142 131 89 50 48 50 48 38 31 31 33 38 36 34 33 30 28 50 94 65 35 36 38 38 38 70 50 40 46 68 77 47 28 31 28 29 29 26 28 31 49 41 24 25 28 26 26 26 28 36 63 96 127 116 98 82 82 56 47 77 85 87 
43 31 33 31 38 60 67 42 33 51 73 70 74 72 63 55 49 58 67 60 56 53 53 58 60 51 50 55 56 50 50 56 56 58 60 60 60 63 66 63 62 66 60 56 53 48 43 41 40 42 41 42 38 36 34 31 35 82 136 114 90 53 47 50 46 36 33 30 30 38 35 31 28 31 65 92 56 31 35 36 38 38 41 68 53 40 38 41 63 75 45 26 29 29 29 28 29 31 43 43 26 25 25 26 28 28 26 26 56 101 136 124 107 84 71 76 66 67 99 121 
50 35 34 34 38 55 74 53 38 58 67 76 74 63 66 63 51 56 65 60 53 50 48 48 49 49 48 55 46 40 41 49 56 53 53 63 63 70 69 67 66 68 58 51 42 37 37 38 38 40 38 38 38 38 37 38 40 94 123 111 87 58 56 55 45 31 29 29 31 37 31 31 42 71 80 45 29 35 33 33 38 35 36 62 60 33 38 34 38 63 72 46 30 29 31 30 28 31 42 49 31 28 25 26 28 29 25 24 53 117 142 123 103 87 73 66 79 76 105 126 
50 37 35 34 38 46 73 66 53 62 72 73 62 67 69 67 55 48 53 56 55 49 48 48 45 50 55 46 38 43 40 36 38 38 40 45 48 53 56 56 53 48 38 36 34 33 36 38 38 40 41 41 37 38 37 38 51 112 107 100 90 65 75 60 43 31 29 31 36 40 38 60 79 63 34 28 29 33 31 31 41 40 37 56 67 34 36 34 30 36 56 71 50 30 31 31 31 31 38 50 34 29 30 30 30 29 31 25 58 133 151 129 110 96 84 68 65 83 94 98 
51 38 36 35 36 46 63 71 60 69 75 65 56 58 58 60 56 49 48 53 50 49 46 50 50 56 47 35 38 51 46 38 34 35 37 35 35 35 37 37 35 35 34 34 37 36 35 36 38 38 43 41 38 40 38 37 63 113 96 101 93 56 60 58 42 33 33 38 50 60 69 65 40 28 31 29 30 33 31 31 36 38 40 53 72 40 30 33 33 31 37 56 68 46 33 31 34 31 36 50 37 30 29 30 30 31 31 29 76 142 158 130 109 96 90 74 63 65 87 110 
55 43 40 37 38 45 58 70 72 76 75 72 63 60 58 63 60 55 53 47 47 49 47 50 63 50 36 36 48 49 43 40 38 35 35 36 36 37 38 36 36 37 35 35 38 36 37 37 38 38 38 38 41 42 41 40 83 103 96 94 73 50 37 46 42 37 42 65 71 55 38 29 26 29 31 28 30 31 30 31 33 36 41 55 69 43 31 31 31 36 35 36 51 68 53 33 33 31 36 50 38 31 31 31 35 31 31 31 101 161 154 125 110 96 93 83 75 70 72 112 
53 46 43 40 38 58 77 87 87 80 79 75 66 66 60 55 56 55 60 55 45 45 48 58 55 38 37 41 50 40 40 38 42 40 35 34 34 34 34 34 35 37 36 38 36 36 36 36 36 38 38 41 41 42 42 45 94 98 97 84 66 53 38 38 45 42 47 67 53 31 30 30 29 31 30 31 30 29 28 30 31 37 47 58 66 50 30 29 33 37 36 34 35 48 62 55 38 31 34 49 45 35 31 31 31 31 29 42 133 168 151 117 107 97 94 87 83 80 76 87 
48 43 41 38 53 93 73 70 77 75 69 65 65 65 60 50 47 50 49 53 51 53 50 49 38 34 34 41 46 37 38 36 41 42 36 30 34 34 33 36 33 34 36 38 38 38 37 37 40 43 42 41 38 42 42 50 87 94 97 82 65 56 43 34 38 49 48 42 38 29 28 31 30 30 31 31 29 26 25 28 35 46 53 55 60 56 43 36 34 37 37 36 34 31 43 63 55 35 33 46 51 43 33 31 34 31 31 76 154 171 147 113 106 100 90 87 86 83 82 89 
41 45 40 46 86 75 55 51 53 63 66 63 62 60 58 50 47 50 53 56 53 43 35 37 35 34 31 33 36 37 37 36 38 45 38 26 30 37 38 36 34 36 35 38 40 37 38 38 38 43 42 40 43 43 42 55 86 92 94 79 62 56 50 37 31 40 45 34 34 31 29 30 26 26 30 30 30 31 33 36 45 50 53 50 45 48 47 41 36 38 42 40 37 31 31 38 56 53 38 37 43 48 48 43 36 29 48 127 161 168 142 114 113 103 87 87 85 82 86 99 
36 40 43 71 77 50 56 56 50 50 56 60 53 58 58 55 49 49 46 43 36 31 37 37 34 31 26 24 31 35 37 35 36 45 45 28 24 37 56 60 53 43 38 37 36 37 38 38 38 41 41 41 43 43 41 58 93 94 87 75 62 56 51 43 35 31 38 43 38 30 29 31 33 34 38 45 50 49 46 46 47 45 43 43 41 36 33 35 41 41 41 38 37 35 35 34 41 58 58 45 35 43 56 84 80 50 94 156 164 163 139 121 113 98 90 89 86 87 94 110 
38 37 60 74 53 56 63 60 63 73 74 80 55 42 42 38 38 34 35 35 34 36 40 34 31 30 30 25 30 33 35 37 35 43 46 33 25 26 43 56 58 50 47 42 36 35 37 38 40 38 40 41 41 38 38 60 87 90 82 77 66 60 56 48 38 33 28 35 43 40 41 68 125 97 58 60 60 56 56 55 50 47 42 42 38 31 33 36 38 40 43 41 41 43 46 46 49 53 56 58 46 45 63 94 99 100 146 159 171 163 133 117 105 94 90 87 85 92 87 98 
77 53 76 56 55 62 63 72 87 99 99 105 65 37 40 37 37 36 36 34 37 40 37 35 36 35 37 38 42 40 43 50 50 49 47 42 37 34 34 40 43 45 53 48 33 31 36 41 43 40 37 36 37 36 33 62 87 94 87 77 68 63 58 53 42 36 30 25 33 50 58 100 168 165 94 63 75 90 75 56 47 43 43 45 40 38 43 46 45 48 53 51 56 60 63 65 63 63 60 55 53 58 89 110 100 126 161 155 170 161 126 117 100 90 86 84 85 90 87 97 
105 84 69 58 70 66 60 71 89 87 77 73 53 43 43 43 47 48 50 50 56 60 56 47 41 37 35 38 37 43 50 60 63 58 55 56 55 56 58 60 62 56 56 51 48 47 45 42 43 42 40 35 31 33 26 58 90 103 98 87 77 58 55 53 45 38 36 31 26 33 50 69 113 152 158 116 105 96 80 58 50 46 47 56 55 60 62 63 63 68 73 76 76 80 90 98 94 87 80 79 73 58 76 103 148 159 154 160 168 151 119 107 100 90 84 87 89 86 83 96 
99 83 58 60 67 62 58 58 60 60 56 53 51 51 53 53 53 51 53 53 50 43 42 33 29 26 25 30 24 29 37 38 38 33 31 37 37 41 50 53 53 56 56 53 53 53 53 51 53 50 43 38 38 37 29 55 87 100 100 89 76 66 55 49 43 36 33 31 25 26 30 43 92 114 116 119 117 120 130 100 94 73 68 72 74 80 86 90 98 105 103 103 90 82 84 87 82 71 60 60 69 65 56 121 177 150 153 165 168 136 107 100 94 90 90 87 82 83 79 90 
90 80 80 79 77 72 71 66 68 69 60 55 47 38 40 38 36 36 36 37 31 28 29 25 24 28 30 31 29 28 34 34 33 31 34 36 35 31 36 38 45 46 47 43 42 40 42 43 46 45 36 34 37 33 30 51 90 99 97 90 80 67 60 53 45 38 31 30 31 30 30 29 53 98 125 148 171 181 154 158 154 109 84 80 80 83 80 77 73 73 67 58 50 49 43 40 41 43 43 36 56 94 126 170 142 142 148 155 152 121 103 98 92 93 87 82 79 79 79 89 
