0.799052
6.183514
0.390670
56.716346
0.901239
1.266767
0.594939
0.966184
190.397188
2.422347
1.317931
1.242362
1.182370
0.567022
1.007091
1.149926
0.527039
1.270368
2.505016
0.246536
18.736430
0.405898
4.935569
1.137571
0.516883
0.851765
0.226380
0.281076
0.784897
0.994127
1.469253
0.133002
1.975387
4.121905
0.991400
0.624858
0.764529
0.693364
0.137649
1.140769
7.224415
0.757485
1.007154
29.008291
0.195715
1.641601
0.908932
1.785178
0.708213
0.240939
4.111685
2.244512
4.351932
0.043294
3.203648
1.714778
0.131875
15.010333
49.436759
0.775091
1.677388
1.495845
0.402490
2.685091
0.427113
0.788240
1.045142
14.998970
0.340199
3.822024
1.485168
1.088430
0.458899
5.398301
0.825553
0.540141
2.061033
0.889857
1.975742
0.376395
0.384586
1.004367
0.155569
2.017340
1.874351
9.896267
0.528134
0.938831
0.933844
2.651263
0.757494
1.181885
2.939151
0.949017
0.433995
0.244168
1.975666
3.689180
14.967324
1.127939
1.284574
0.337876
0.416263
1.778606
1.350783
1.386869
0.291174
0.663006
0.879439
7.167793
1.037060
1.150924
0.492962
7.631047
0.764197
13.357794
0.679372
3.186855
0.990079
0.294679
32.504606
6.456543
24.939781
1.392333
2.121543
6.189858
0.480782
2.140311