649.877950
236.717903
276.683004
224.600309
127.063022
170.866048
131.557891
230.833380
256.374354
116.402888
279.828698
174.944325
72.174562
151.148291
57.665728
188.239271
222.427136
161.083745
269.518271
163.186423
213.047326
202.298039
193.850571
303.083981
254.658961
260.353190
302.439585
153.403878
270.934341
192.588354
229.307208
220.399957
164.333996
280.820661
151.911598
135.609112
189.478160
154.175654
118.516198
135.987107
130.760840
209.321527
124.964914
180.752644
266.054062
155.980208
229.643850
254.410140
261.907011
223.234661
177.864734
263.883254
223.336824
192.275097
306.960160
293.474969
288.025946
200.285269
241.154331
133.593196
45.693535
186.130969
156.166945
167.180399
160.767442
167.180399
156.166945
186.130969
45.693535
133.593196
241.154331
200.285269
288.025946
293.474969
306.960160
192.275097
223.336824
263.883254
177.864734
223.234661
261.907011
254.410140
229.643850
155.980208
266.054062
180.752644
124.964914
209.321527
130.760840
135.987107
118.516198
154.175654
189.478160
135.609112
151.911598
280.820661
164.333996
220.399957
229.307208
192.588354
270.934341
153.403878
302.439585
260.353190
254.658961
303.083981
193.850571
202.298039
213.047326
163.186423
269.518271
161.083745
222.427136
188.239271
57.665728
151.148291
72.174562
174.944325
279.828698
116.402888
256.374354
230.833380
131.557891
170.866048
127.063022
224.600309
276.683004
236.717903
