6625
12931
18616
23411
27095
29509
30558
30222
28549
25657
21722
16971
11661
6072
487
-4824
-9619
-13694
-16895
-19121
-20333
-20547
-19832
-18304
-16115
-13442
-10475
-7402
-4399
-1623
802
2790
4290
5293
5826
5946
5735
5292
4720
4121
3587
3190
2981
2983
3191
3576
4086
4652
5193
5627
5876
5873
5569
4938
3980
2721
1210
-479
-2256
-4021
-5671
-7107
-8240
-9000
-9341
-9243
-8714
-7789
-6529
-5016
-3348
-1627
40
1555
2835
3815
4456
4744
4692
4341
3751
3000
2175
1369
667
144
-145
-164
94
609
1338
2213
3149
4051
4820
5362
5596
5461
4921
3971
2636
974
-930
-2968
-5014
-6934
-8598
-9884
-10691
-10945
-10607
-9674
-8185
-6214
-3872
-1293
1365
3939
6267
8199
9611
10409
10542
9999
8816
7076
4896
2428
-155
-2669
-4933
-6778
-8065
-8688
-8588
-7754
-6228
-4101
-1508
1377
4354
7213
9740
11738
13040
13516
13089
11735
9492
6456
2776
-1351
-5694
-10000
-14012
-17479
-20178
-21922
-22577
-22068
-20384
-17583
-13784
-9166
-3954
1590
7185
12545
17394
21485
24610
26615
27402
26941
25264
22467
18701
14163
9083
3712
-1690
-6875
-11613
-15708
-19003
-21390
-22813
-23263
-22781
-21451
-19391
-16742
-13664
-10319
-6866
-3451
-201
2784
5429
7688
9541
10991
12059
12779
13192
13339
13258
12980
12525
11902
11108
10135
8968
7591
5992
4169
2131
-96
-2467
-4920
-7377
-9745
-11920
-13797
-15274
-16258
-16673
-16470
-15625
-14148
-12081
-9500
-6513
-3250
141
3498
6663
9484
11827
13584
14680
15078
14780
13827
12297
10300
7969
5455
2913
492
-1670
-3463
-4801
-5640
-5969
-5818
-5250
-4357
-3256
-2073
-942
15
691
1003
903
378
-547
-1809
-3313
-4935
-6535
-7966
-9083
-9756
-9879
-9381
-8232
-6445
-4079
-1239
1934
5267
8570
11640
14282
16320
17604
18027
17531
16111
13817
10753
7071
2964
-1346
-5622
-9626
-13132
-15941
-17895
-18883
-18853
-17812
-15825
-13015
-9553
-5647
-1530
2553
6363
9678
12310
14116
15001
14933
13935
12089
9528
6427
2992
-552
-3979
-7071
-9635
-11514
-12597
-12823
-12185
-10733
-8562
-5816
-2668
685
4036
7182
9935
12133
13652
14408
14366
13536
11974
9776
7074
4019
781
-2469
-5566
-8358
-10722
-12559
-13808
-14439
-14458
-13901
-12830
-11327
-9486
-7408
-5194
-2936
-716
1400
3361
5136
6706
8066
9220
10176
10944
11529
11931
12141
12144
11912
11417
10626
9508
8041
6214
4035
1529
-1251
-4232
-7315
-10383
-13302
-15930
-18125
-19752
-20691
-20851
-20171
-18629
-16249
-13096
-9282
-4955
-298
4482
9163
13524
17352
20458
22688
23929
24118
23249
21369
18579
15026
10898
6409
1792
-2721
-6906
-10566
-13537
-15698
-16982
-17371
-16902
-15661
-13775
-11404
-8730
-5943
-3229
-757
1331
2928
3971
4444
4375
3833
2926
1788
567
-581
-1509
-2091
-2229
-1862
-973
411
2216
4333
6614
8895
10994
12734
13953
14511
14310
13292
11454
8844
5561
1752
-2398
-6673
-10845
-14681
-17961
-20492
-22116
-22726
-22268
-20747
-18228
-14829
-10719
-6106
-1223
3681
8360
12581
16141
18873
20661
21440
21203
19996
17916
15104
11735
8004
4120
288
-3300
-6478
-9112
-11105
-12405
-13002
-12926
-12244
-11053
-9469
-7622
-5645
-3665
-1795
-128
1267
2349
3103
3538
3688
3601
3337
2961
2535
2116
1747
1459
1265
1162
1134
1152
1180
1182
1120
966
705
331
-141
-684
-1256
-1804
-2269
-2591
-2714
-2594
-2203
-1532
-596
566
1890
3293
4675
5925
6932
7590
7806
7511
6666
5265
3340
962
-1763
-4697
-7675
-10520
-13048
-15084
-16468
-17072
-16807
-15630
-13550
-10630
-6984
-2774
1799
6505
11098
15330
18964
21792
23644
24398
23995
22432
19774
16144
11720
6722
1405
-3963
-9109
-13776
-17734
-20793
-22819
-23732
-23516
-22217
-19940
-16838
-13108
-8970
-4662
-417
3543
7026
9880
11997
13320
13846
13622
12739
11324
9531
7528
5484
3559
1889
581
-297
-715
-690
-276
439
1338
2290
3154
3798
4103
3979
3367
2247
643
-1383
-3729
-6263
-8828
-11257
-13379
-15035
-16087
-16427
-15987
-14743
-12719
-9985
-6653
-2873
1176
5298
9289
12951
16102
18587
20287
21125
21066
20126
18364
15877
12797
9282
5502
1636
-2146
-5685
-8845
-11517
-13626
-15127
-16012
-16299
-16034
-15284
-14129
-12654
-10949
-9094
-7162
-5211
-3287
-1418
379
2097
3738
5303
6793
8203
9520
10718
11760
12602
13189
13463
13369
12857
11891
10452
8546
6204
3486
478
-2706
-5932
-9052
-11910
-14352
-16239
-17450
-17895
-17521
-16320
-14327
-11623
-8332
-4616
-664
3314
7104
10497
13300
15356
16545
16797
16097
14486
12058
8958
5374
1522
-2364
-6045
-9296
-11913
-13735
-14646
-14588
-13561
-11628
-8908
-5568
-1816
2112
5969
9511
12512
14777
16157
16557
15941
14334
11824
8552
4706
509
-3794
-7954
-11729
-14903
-17294
-18768
-19248
-18712
-17201
-14807
-11677
-7993
-3966
177
4211
7922
11123
13663
15435
16379
16488
15804
14410
12431
10016
7330
4546
1827
-678
-2847
-4591
-5856
-6628
-6928
-6810
-6356
-5665
-4846
-4009
-3255
-2668
-2309
-2212
-2380
-2787
-3380
-4082
-4804
-5444
-5904
-6094
-5939
-5389
-4422
-3046
-1300
745
2994
5332
7630
9757
11584
12998
13905
14239
13964
13080
11619
9648
7259
4568
1703
-1198
-4004
-6588
-8845
-10690
-12064
-12940
-13317
-13221
-12701
-11823
-10665
-9309
-7836
-6317
-4812
-3365
-1999
-721
478
1620
2737
3862
5024
6243
7527
8863
10220
11546
12768
13801
14549
14913
14801
14132
12850
10927
8369
5222
1571
-2458
-6707
-10990
-15100
-18825
-21958
-24307
-25711
-26050
-25254
-23309
-20263
-16222
-11348
-5855
6
5958
11712
16982
21506
25055
27448
28566
28352
26824
24066
20228
15517
10183
4508
-1211
-6682
-11629
-15812
-19037
-21168
-22134
-21930
-20618
-18319
-15206
-11493
-7421
-3240
802
4478
7591
9989
11571
12290
12158
11237
9639
7513
5037
2403
-197
-2579
-4585
-6089
-7003
-7286
-6940
-6014
-4592
-2794
-760
1357
3402
5232
6720
7768
8310
8318
7800
6800
5393
3680
1777
-189
-2093
-3821
-5274
-6378
-7084
-7377
-7269
-6798
-6029
-5039
-3920
-2763
-1657
-676
120
693
1030
1141
1058
831
525
211
-40
-161
-100
179
691
1425
2347
3403
4518
5607
6576
7333
7796
7896
7585
6843
5678
4126
2253
148
-2078
-4306
-6409
-8266
-9767
-10823
-11371
-11379
-10848
-9812
-8338
-6517
-4464
-2303
-164
1827
3559
4944
5918
6452
6548
6243
5603
4719
3697
2654
1704
953
486
362
607
1213
2135
3295
4587
5880
7035
7910
8371
8306
7634
6310
4337
1763
-1318
-4764
-8401
-12026
-15418
-18358
-20635
-22068
-22512
-21871
-20109
-17250
-13384
-8661
-3283
2501
8411
14153
19432
23968
27519
29884
30927
30574
28827
25759
21510
16284
10334
3947
-2566
-8894
-14737
-19826
-23936
-26895
-28595
-28994
-28119
-26058
-22958
-19012
-14446
-9507
-4448
486
5073
9123
12485
15060
16793
17683
17770
17136
15892
14173
12121
9884
7596
5379
3328
1514
-23
-1270
-2239
-2964
-3494
-3885
-4197
-4482
-4784
-5129
-5528
-5971
-6433
-6873
-7238
-7471
-7516
-7323
-6855
-6090
-5029
-3693
-2126
-394
1424
3235
4941
6445
7661
8515
8956
8958
8521
7674
6475
5002
3353
1637
-32
-1548
-2811
-3746
-4298
-4444
-4191
-3575
-2661
-1539
-313
902
1992
2849
3383
3530
3251
2545
1442
7
-1667
-3463
-5249
-6886
-8241
-9192
-9640
-9520
-8799
-7487
-5635
-3331
-698
2116
4943
7611
9952
11814
13072
13637
13461
12543
10929
8711
6017
3011
-124
-3197
-6016
-8409
-10228
-11364
-11752
-11376
-10272
-8522
-6256
-3635
-847
1909
4437
6552
8099
8962
9069
8403
6999
4944
2374
-537
-3588
-6562
-9242
-11426
-12937
-13641
-13450
-12335
-10323
-7501
-4009
-35
4202
8457
12479
16027
18880
20853
21810
21672
20417
18089
14791
10680
5958
861
-4355
-9428
-14108
-18164
-21404
-23678
-24890
-24999
-24024
-22033
-19146
-15522
-11349
-6833
-2190
2375
6668
10524
13807
16419
18302
19435
19834
19545
18640
17210
15354
13178
10782
8259
5689
3138
657
-1718
-3964
-6063
-8007
-9785
-11385
-12791
-13976
-14909
-15551
-15857
-15783
-15286
-14335
-12908
-11004
-8644
-5872
-2758
600
4086
7563
10885
13899
16461
18437
19715
20216
19894
18744
16803
14152
10907
7222
3271
-752
-4651
-8235
-11331
-13793
-15513
-16425
-16510
-15794
-14353
-12299
-9781
-6968
-4042
-1188
1424
3646
5358
6485
6991
6887
6229
5108
3652
2008
335
-1208
-2473
-3338
-3710
-3538
-2813
-1572
106
2103
4273
6449
8457
10125
11300
11858
11710
10814
9177
6857
3960
632
-2943
-6562
-10010
-13077
-15569
-17324
-18220
-18183
-17195
-15295
-12577
-9183
-5300
-1140
3062
7073
10668
13648
15851
17163
17521
16923
15421
13121
10175
6772
3123
-547
-4020
-7090
-9586
-11373
-12363
-12521
-11864
-10462
-8427
-5911
-3090
-159
2689
5268
7415
8998
9925
10147
9662
8512
6781
4586
2074
-596
-3257
-5748
-7920
-9651
-10848
-11452
-11442
-10833
-9674
-8043
-6043
-3788
-1403
990
3277
5358
7153
8603
9676
10361
10667
10625
10272
9659
8836
7851
6747
5557
4303
2998
1644
238
-1226
-2753
-4343
-5984
-7654
-9315
-10912
-12378
-13633
-14588
-15154
-15246
-14792
-13738
-12055
-9746
-6850
-3439
376
4452
8620
12691
16465
19747
22349
24113
24911
24662
23332
20946
17580
13368
8486
3156
-2378
-7854
-13007
-17590
-21380
-24196
-25906
-26436
-25775
-23973
-21142
-17444
-13086
-8304
-3352
1514
6052
10044
13314
15731
17221
17764
17399
16216
14347
11963
9252
6414
3643
1115
-1022
-2659
-3730
-4218
-4150
-3600
-2674
-1509
-256
928
1895
2517
2694
2366
1515
165
-1613
-3710
-5986
-8277
-10409
-12210
-13521
-14208
-14173
-13360
-11763
-9425
-6437
-2935
910
4900
8823
12466
15626
18124
19819
20610
20446
19331
17320
14515
11063
7145
2962
-1273
-5348
-9066
-12254
-14774
-16529
-17465
-17577
-16903
-15521
-13544
-11110
-8372
-5490
-2619
100
2545
4622
6268
7451
8171
8454
8352
7933
7275
6461
5570
4671
3822
3060
2407
1867
1425
1057
729
405
49
-365
-856
-1424
-2060
-2734
-3406
-4026
-4537
-4882
-5009
-4879
-4466
-3765
-2794
-1594
-227
1225
2666
3992
5099
5890
6282
6218
5665
4627
3139
1274
-865
-3147
-5424
-7535
-9321
-10634
-11348
-11366
-10635
-9144
-6933
-4088
-742
2932
6734
10443
13832
16685
18806
20032
20250
19398
17476
14544
10723
6188
1161
-4106
-9339
-14260
-18604
-22133
-24652
-26017
-26146
-25024
-22704
-19304
-14997
-10007
-4591
974
6406
11436
15822
19361
21902
23353
23681
22917
21149
18518
15202
11413
7372
3305
-575
-4081
-7062
-9406
-11053
-11986
-12239
-11885
-11029
-9802
-8347
-6810
-5327
-4013
-2958
-2221
-1821
-1745
-1944
-2342
-2843
-3336
-3710
-3861
-3699
-3162
-2215
-859
870
2902
5136
7451
9705
11754
13456
14682
15329
15320
14616
13219
11168
8543
5456
2050
-1517
-5074
-8453
-11492
-14052
-16019
-17313
-17889
-17742
-16903
-15435
-13433
-11011
-8297
-5426
-2528
275
2879
5202
7183
8790
10013
10863
11370
11576
11528
11275
10862
10324
9686
8959
8141
7218
6169
4970
3595
2029
266
-1684
-3789
-6000
-8243
-10430
-12456
-14207
-15569
-16434
-16708
-16322
-15234
-13441
-10975
-7912
-4365
-481
3563
7573
11344
14678
17388
19317
20345
20397
19451
17540
14752
11225
7143
2723
-1794
-6161
-10135
-13496
-16056
-17674
-18262
-17795
-16307
-13896
-10712
-6954
-2852
1341
5369
8985
11970
14143
15374
15591
14786
13013
10385
7070
3276
-760
-4785
-8550
-11819
-14391
-16107
-16859
-16600
-15344
-13165
-10190
-6595
-2590
1593
5714
9539
12857
15487
17295
18193
18151
17191
15387
12860
9767
6291
2630
-1017
-4461
-7535
-10101
-12060
-13351
-13959
-13908
-13258
-12102
-10551
-8731
-6772
-4797
-2914
-1213
243
1420
2310
2932
3327
3551
3671
3755
3868
4062
4373
4814
5379
6038
6741
7421
8001
8401
8543
8359
7799
6833
5459
3704
1620
-713
-3192
-5701
-8112
-10299
-12142
-13537
-14401
-14680
-14352
-13427
-11951
-9996
-7663
-5070
-2348
371
2958
5298
7297
8884
10019
10690
10915
10738
10225
9455
8516
7496
6476
5523
4684
3984
3425
2983
2614
2260
1850
1313
582
-395
-1651
-3194
-5001
-7017
-9159
-11315
-13354
-15133
-16503
-17325
-17476
-16864
-15431
-13165
-10104
-6334
-1989
2753
7677
12549
17118
21138
24381
26650
27790
27704
26352
23766
20041
15334
9859
3874
-2332
-8455
-14194
-19263
-23413
-26443
-28210
-28638
-27724
-25535
-22205
-17924
-12933
-7504
-1925
3514
8538
12905
16416
18926
20350
20668
19923
18215
15694
12550
8999
5269
1587
-1839
-4824
-7224
-8940
-9921
-10165
-9719
-8671
-7142
-5279
-3239
-1184
736
2390
3672
4511
4873
4758
4203
3274
2064
678
-767
-2160
-3395
-4385
-5066
-5398
-5372
-5003
-4334
-3425
-2354
-1203
-58
1002
1911
2620
3098
3339
3357
3186
2874
2482
2072
1709
1445
1324
1367
1581
1946
2426
2966
3498
3945
4232
4287
4052
3488
2579
1334
-207
-1981
-3900
-5855
-7727
-9394
-10735
-11645
-12037
-11854
-11069
-9695
-7778
-5402
-2678
254
3240
6121
8737
10946
12625
13683
14067
13762
12797
11239
9191
6784
4169
1508
-1042
-3331
-5234
-6655
-7534
-7851
-7627
-6924
-5834
-4480
-3001
-1541
-244
764
1382
1541
1211
406
-818
-2368
-4114
-5904
-7572
-8949
-9878
-10222
-9881
-8797
-6960
-4412
-1250
2383
6304
10297
14130
17563
20371
22351
23341
23228
21957
19539
16047
11619
6448
774
-5129
-10969
-16454
-21302
-25263
-28131
-29757
-30052
-28999
-26649
-23120
-18588
-13278
-7452
-1393
4610
10279
15360
19636
22938
25151
26220
26149
25000
22881
19946
16376
12375
8151
3907
-168
-3914
-7198
-9928
-12047
-13537
-14413
-14721
-14528
-13918
-12981
-11807
-10480
-9073
-7642
-6227
-4852
-3522
-2234
-972
279
1535
2805
4090
5376
6637
7833
8914
9821
10492
10868
10896
10538
9773
8601
7049
5166
3027
724
-1632
-3923
-6029
-7835
-9240
-10164
-10556
-10393
-9688
-8487
-6868
-4934
-2813
-642
1436
3286
4786
5839
6379
6375
5833
4799
3356
1613
-293
-2214
-3998
-5498
-6588
-7166
-7164
-6557
-5361
-3635
-1477
981
3580
6149
8510
10495
11955
12771
12864
12199
10789
8697
6029
2932
-418
-3826
-7089
-10012
-12416
-14156
-15125
-15264
-14566
-13074
-10883
-8131
-4989
-1653
1668
4773
7471
9602
11045
11724
11615
10746
9197
7092
4590
1879
-843
-3377
-5539
-7170
-8151
-8405
-7911
-6697
-4843
-2477
238
3109
5930
8496
10611
12108
12856
12771
11823
10033
7481
4293
641
-3274
-7228
-10993
-14347
-17088
-19050
-20106
-20181
-19255
-17363
-14592
-11078
-6994
-2545
2052
6571
10796
14532
17613
19911
21340
21862
21486
20260
18274
15647
12521
9051
5398
1716
-1853
-5185
-8180
-10761
-12880
-14514
-15659
-16331
-16561
-16384
-15842
-14975
-13820
-12407
-10762
-8904
-6849
-4611
-2209
333
2982
5690
8399
11033
13507
15722
17577
18970
19805
20000
19494
18253
16275
13592
10277
6436
2211
-2230
-6698
-10992
-14911
-18265
-20886
-22637
-23422
-23194
-21954
-19759
-16713
-12968
-8713
-4163
452
4899
8956
12426
15147
17002
17925
17905
16983
15255
12860
9971
6787
3516
365
-2476
-4842
-6610
-7699
-8078
-7767
-6834
-5391
-3582
-1576
447
2310
3849
4927
5443
5338
4604
3277
1444
-773
-3214
-5702
-8051
-10076
-11612
-12523
-12709
-12120
-10753
-8658
-5936
-2729
786
4407
7923
11123
13816
15834
17052
17391
16824
15379
13135
10221
6803
3077
-744
-4445
-7817
-10679
-12879
-14311
-14913
-14678
-13648
-11913
-9602
-6876
-3918
-917
1940
4482
6566
8079
8953
9163
8725
7702
6188
4309
2210
46
-2031
-3878
-5373
-6423
-6966
-6978
-6470
-5486
-4103
-2420
-552
1378
3246
4938
6358
7427
8096
8341
8166
7600
6694
5516
4143
2659
1141
-336
-1712
-2943
-4001
-4874
-5567
-6097
-6490
-6774
-6977
-7123
-7224
-7280
-7281
-7199
-6997
-6631
-6051
-5211
-4072
-2610
-820
1278
3640
6192
8837
11454
13905
16043
17721
18801
19163
18717
17409
15229
12213
8447
4064
-761
-5819
-10874
-15680
-19991
-23574
-26229
-27793
-28156
-27267
-25139
-21850
-17539
-12400
-6674
-633
5431
11227
16474
20922
24364
26648
27683
27445
25977
23386
19836
15538
10734
5688
666
-4081
-8324
-11875
-14595
-16399
-17259
-17206
-16322
-14734
-12603
-10113
-7458
-4827
-2392
-299
1344
2470
3060
3136
2763
2041
1093
60
-916
-1697
-2169
-2242
-1861
-1014
275
1938
3874
5955
8031
9947
11548
12694
13270
13193
12420
10950
8828
6141
3012
-403
-3931
-7385
-10582
-13350
-15541
-17038
-17764
-17684
-16807
-15189
-12922
-10133
-6974
-3611
-217
3041
6011
8564
10601
12056
12902
13143
12821
12002
10777
9250
7531
5730
3947
2268
758
-536
-1595
-2418
-3025
-3450
-3737
-3935
-4090
-4239
-4412
-4621
-4864
-5122
-5362
-5542
-5613
-5526
-5234
-4705
-3921
-2881
-1608
-146
1440
3067
4642
6064
7232
8056
8461
8396
7836
6792
5305
3449
1330
-926
-3173
-5261
-7042
-8382
-9167
-9320
-8799
-7608
-5794
-3450
-708
2266
5284
8145
10651
12614
13876
14314
13855
12477
10216
7166
3471
-677
-5052
-9405
-13479
-17027
-19821
-21674
-22444
-22053
-20482
-17783
-14072
-9522
-4358
1156
6737
12094
16944
21032
24144
26119
26855
26319
24546
21637
17751
13097
7921
2490
-2921
-8047
-12647
-16513
-19488
-21467
-22403
-22307
-21244
-19329
-16713
-13577
-10118
-6534
-3015
271
3184
5621
7517
8852
9640
9931
9803
9353
8688
7914
7130
6420
5842
5432
5195
5110
5133
5200
5235
5157
4889
4364
3535
2376
890
-891
-2907
-5074
-7287
-9427
-11369
-12993
-14187
-14860
-14948
-14415
-13262
-11523
-9267
-6590
-3614
-479
2670
5686
8431
10787
12655
13969
14693
14825
14394
13456
12092
10398
8480
6446
4398
2425
600
-1025
-2423
-3586
-4528
-5280
-5884
-6386
-6835
-7269
-7715
-8186
-8674
-9153
-9577
-9886
-10012
-9881
-9422
-8578
-7305
-5589
-3440
-902
1947
5002
8129
11176
13977
16367
18190
19310
19620
19052
17586
15247
12114
8313
4013
-581
-5242
-9729
-13806
-17251
-19872
-21521
-22099
-21567
-19947
-17322
-13835
-9675
-5073
-285
4421
8785
12562
15547
17580
18557
18437
17245
15069
12056
8399
4331
104
-4021
-7791
-10981
-13402
-14913
-15433
-14942
-13481
-11152
-8109
-4546
-690
3219
6940
10246
12939
14860
15898
15998
15162
13446
10960
7854
4314
546
-3235
-6820
-10017
-12661
-14625
-15826
-16225
-15832
-14701
-12922
-10620
-7939
-5036
-2069
811
3471
5801
7721
9183
10167
10687
10782
10509
9941
9156
8233
7242
6242
5275
4366
3520
2725
1957
1182
362
-539
-1549
-2683
-3940
-5300
-6725
-8155
-9519
-10732
-11705
-12351
-12592
-12366
-11630
-10371
-8605
-6377
-3764
-870
2181
5248
8184
10844
13091
14812
15917
16349
16089
15154
13599
11511
9007
6223
3309
415
-2315
-4753
-6793
-8362
-9419
-9958
-10008
-9629
-8905
-7939
-6844
-5730
-4702
-3845
-3220
-2860
-2767
-2909
-3226
-3635
-4033
-4311
-4359
-4081
-3399
-2263
-660
1384
3805
6498
9328
12130
14725
16928
18563
19473
19533
18660
16821
14038
10392
6016
1093
-4151
-9465
-14578
-19223
-23145
-26123
-27979
-28588
-27893
-25902
-22693
-18411
-13258
-7482
-1367
4785
10670
16001
20520
24015
26331
27376
27127
25629
22993
19387
15025
10153
5040
-48
-4852
-9142
-12726
-15460
-17255
-18076
-17947
-16944
-15185
-12827
-10050
-7043
-3997
-1091
1520
3712
5396
6526
7094
7129
6694
5879
4791
3545
2257
1035
-31
-869
-1436
-1712
-1707
-1450
-993
-400
257
907
1484
1933
2216
2311
2218
1955
1557
1071
552
58
-359
-653
-793
-766
-575
-245
184
656
1108
1471
1679
1674
1416
879
67
-997
-2261
-3652
-5077
-6431
-7603
-8484
-8976
-8999
-8499
-7453
-5872
-3806
-1337
1420
4325
7219
9936
12313
14197
15461
16007
15779
14760
12985
10528
7508
4079
418
-3280
-6818
-10005
-12673
-14682
-15933
-16371
-15992
-14836
-12994
-10591
-7788
-4762
-1703
1207
3800
5933
7503
8444
8741
8421
7557
6258
4663
2931
1224
-298
-1493
-2248
-2486
-2174
-1324
7
1716
3669
5702
7636
9292
10500
11113
11019
10150
8490
6073
2992
-617
-4569
-8653
-12635
-16276
-19347
-21642
-22993
-23280
-22438
-20467
-17427
-13440
-8682
-3375
2226
7848
13213
18056
22138
25259
27268
28075
27650
26025
23293
19601
15140
10134
4825
-534
-5703
-10456
-14602
-17986
-20502
-22088
-22735
-22475
-21383
-19569
-17164
-14316
-11179
-7904
-4628
-1473
1462
4103
6401
8331
9889
11087
11950
12508
12793
12834
12655
12271
11688
10906
9918
8715
7291
5644
3784
1732
-473
-2777
-5110
-7388
-9516
-11395
-12925
-14015
-14589
-14591
-13992
-12791
-11024
-8756
-6084
-3134
-48
3016
5898
8443
10515
11998
12814
12920
12315
11043
9187
6868
4233
1452
-1296
-3834
-5999
-7653
-8689
-9043
-8696
-7676
-6056
-3951
-1511
1092
3671
6038
8019
9463
10251
10310
9614
8187
6102
3480
478
-2717
-5905
-8877
-11440
-13420
-14678
-15121
-14702
-13432
-11373
-8637
-5379
-1788
1927
5549
8866
11684
13842
15222
15750
15410
14238
12320
9789
6812
3584
309
-2810
-5582
-7846
-9477
-10395
-10568
-10017
-8811
-7062
-4918
-2550
-144
2118
4062
5544
6452
6716
6314
5274
3668
1611
-749
-3239
-5675
-7874
-9666
-10903
-11474
-11310
-10388
-8734
-6421
-3567
-323
3132
6603
9894
12815
15197
16903
17829
17920
17164
15597
13295
10375
6985
3290
-531
-4298
-7841
-11010
-13678
-15749
-17162
-17892
-17946
-17363
-16206
-14559
-12517
-10184
-7661
-5042
-2414
154
2605
4897
7003
8906
10595
12064
13307
14312
15064
15540
15711
15542
14997
14042
12648
10801
8500
5769
2653
-774
-4414
-8142
-11816
-15278
-18364
-20914
-22779
-23831
-23973
-23149
-21346
-18599
-14995
-10665
-5785
-564
4761
9945
14740
18914
22262
24617
25863
25939
24845
22643
19453
15445
10834
5862
790
-4120
-8621
-12493
-15555
-17679
-18789
-18874
-17979
-16208
-13709
-10672
-7309
-3844
-500
2521
5044
6935
8109
8532
8225
7257
5744
3835
1707
-456
-2468
-4161
-5390
-6049
-6075
-5455
-4222
-2457
-281
2152
4667
7081
9213
10897
11999
12417
12096
11030
9260
6874
4003
808
-2525
-5803
-8831
-11431
-13451
-14775
-15327
-15080
-14057
-12323
-9990
-7200
-4122
-938
2167
5021
7468
9385
10684
11320
11290
10631
9420
7767
5802
3671
1522
-500
-2270
-3684
-4669
-5185
-5227
-4825
-4039
-2953
-1670
-303
1034
2235
3205
3874
4194
4145
3738
3007
2009
822
-469
-1772
-2998
-4067
-4914
-5493
-5779
-5770
-5485
-4963
-4255
-3423
-2532
-1645
-817
-90
510
974
1311
1548
1723
1885
2085
2369
2779
3338
4054
4909
5868
6868
7832
8667
9272
9546
9398
8752
7558
5798
3488
686
-2515
-5981
-9552
-13043
-16255
-18991
-21062
-22305
-22592
-21837
-20011
-17139
-13307
-8658
-3384
2278
8063
13687
18867
23334
26849
29218
30300
30024
28383
25444
21342
16271
10476
4242
-2128
-8325
-14050
-19035
-23053
-25932
-27564
-27905
-26985
-24895
-21786
-17858
-13344
-8500
-3586
1147
5473
9200
12184
14331
15603
16014
15632
14562
12948
10952
8746
6501
4372
2490
955
-172
-870
-1155
-1081
-729
-203
382
907
1265
1364
1137
549
-402
-1683
-3228
-4946
-6720
-8426
-9930
-11111
-11858
-12086
-11742
-10806
-9296
-7266
-4804
-2027
927
3906
6757
9332
11499
13150
14207
14625
14398
13554
12157
10296
8086
5653
3130
648
-1675
-3737
-5460
-6792
-7712
-8225
-8360
-8170
-7720
-7086
-6344
-5569
-4821
-4147
-3576
-3117
-2758
-2473
-2221
-1953
-1618
-1169
-568
207
1160
2275
3513
4815
6108
7304
8312
9042
9414
9365
8853
7867
6425
4577
2406
20
-2452
-4867
-7076
-8938
-10327
-11140
-11310
-10805
-9638
-7865
-5584
-2927
-58
2841
5580
7975
9857
11084
11557
11219
10068
8152
5575
2483
-937
-4470
-7887
-10961
-13477
-15248
-16129
-16028
-14908
-12796
-9780
-6008
-1676
2981
7701
12211
16246
19562
21950
23253
23372
22272
19991
16628
12347
7362
1928
-3675
-9159
-14243
-18666
-22209
-24698
-26021
-26125
-25027
-22803
-19588
-15565
-10952
-5991
-933
3976
8511
12477
15716
18122
19635
20247
19998
18969
17275
15057
12470
9670
6809
4023
1426
-897
-2890
-4528
-5814
-6776
-7458
-7918
-8217
-8415
-8561
-8692
-8827
-8964
-9084
-9151
-9117
-8926
-8521
-7850
-6874
-5568
-3933
-1990
211
2599
5081
7549
9883
11964
13676
14919
15611
15698
15159
14002
12273
10046
7425
4533
1511
-1500
-4357
-6932
-9114
-10818
-11991
-12611
-12689
-12267
-11412
-10215
-8777
-7206
-5610
-4082
-2701
-1524
-581
124
612
927
1131
1296
1497
1807
2285
2970
3881
5005
6304
7709
9131
10459
11575
12357
12692
12485
11667
10203
8098
5399
2194
-1387
-5181
-9001
-12643
-15901
-18579
-20503
-21535
-21579
-20592
-18588
-15639
-11871
-7462
-2629
2383
7312
11898
15894
19086
21302
22421
22388
21207
18952
15755
11802
7320
2566
-2190
-6681
-10657
-13903
-16249
-17580
-17842
-17047
-15268
-12638
-9335
-5577
-1604
2336
6000
9170
11660
13331
14097
13928
12854
10958
8375
5276
1861
-1655
-5055
-8134
-10713
-12644
-13826
-14202
-13766
-12559
-10667
-8214
-5350
-2244
927
3991
6791
9191
11086
12405
13114
13214
12742
11760
10355
8628
6687
4640
2586
612
-1214
-2842
-4245
-5415
-6362
-7105
-7676
-8105
-8424
-8655
-8811
-8891
-8882
-8760
-8490
-8030
-7341
-6384
-5133
-3577
-1724
396
2729
5198
7707
10142
12381
14297
15771
16696
16987
16587
15474
13662
11205
8194
4753
1034
-2791
-6540
-10032
-13095
-15580
-17366
-18372
-18557
-17927
-16529
-14456
-11834
-8816
-5575
-2289
867
3734
6177
8094
9422
10138
10264
9856
9008
7836
6475
5064
3738
2616
1791
1328
1251
1547
2166
3023
4006
4982
5812
6359
6500
6137
5206
3683
1590
-1005
-3989
-7213
-10496
-13637
-16430
-18674
-20190
-20831
-20492
-19125
-16736
-13392
-9220
-4397
854
6279
11607
16562
20882
24335
26729
27927
27854
26501
23927
20255
15668
10393
4695
-1143
-6834
-12102
-16699
-20417
-23097
-24640
-25011
-24233
-22392
-19625
-16112
-12064
-7710
-3284
990
4911
8306
11045
13042
14259
14703
14424
13510
12075
10254
8191
6027
3896
1913
169
-1272
-2375
-3135
-3569
-3719
-3642
-3402
-3068
-2704
-2365
-2091
-1908
-1823
-1826
-1895
-1993
-2082
-2117
-2063
-1889
-1579
-1131
-561
100
806
1501
2124
2611
2906
2963
2752
2263
1509
528
-622
-1862
-3099
-4230
-5154
-5775
-6010
-5802
-5116
-3955
-2352
-375
1876
4274
6674
8921
10857
12336
13232
13447
12922
11639
9628
6963
3763
182
-3594
-7364
-10917
-14051
-16580
-18350
-19247
-19205
-18210
-16302
-13575
-10170
-6265
-2069
2194
6295
10019
13172
15599
17185
17870
17645
16556
14699
12213
9269
6062
2795
-335
-3147
-5488
-7244
-8346
-8774
-8554
-7761
-6505
-4929
-3196
-1472
77
1309
2104
2385
2114
1302
6
-1677
-3612
-5638
-7581
-9263
-10515
-11194
-11190
-10433
-8906
-6642
-3723
-282
3509
7448
11316
14885
17940
20287
21765
22261
21711
20109
17510
14019
9794
5032
-39
-5176
-10130
-14666
-18569
-21663
-23811
-24928
-24984
-23999
-22047
-19243
-15742
-11724
-7385
-2927
1455
5583
9302
12487
15050
16936
18130
18645
18525
17836
16659
15083
13201
11102
8865
6559
4240
1950
-280
-2429
-4481
-6425
-8245
-9924
-11435
-12746
-13816
-14597
-15039
-15091
-14709
-13859
-12523
-10702
-8421
-5734
-2717
525
3868
7171
10284
13054
15338
17010
17968
18142
17505
16068
13888
11064
7732
4061
240
-3530
-7045
-10118
-12581
-14304
-15197
-15219
-14381
-12746
-10424
-7566
-4356
-1000
2289
5302
7849
9772
10951
11316
10850
9590
7626
5093
2166
-957
-4061
-6932
-9371
-11207
-12305
-12580
-12000
-10586
-8416
-5618
-2359
1161
4724
8109
11103
13519
15202
16046
15993
15044
13252
10724
7609
4092
382
-3306
-6757
-9777
-12201
-13903
-14804
-14877
-14146
-12684
-10609
-8072
-5248
-2327
505
3073
5227
6852
7870
8252
8011
7206
5933
4319
2512
669
-1054
-2513
-3588
-4190
-4266
-3807
-2844
-1445
285
2216
4201
6084
7717
8963
9710
9877
9423
8344
6678
4503
1928
-909
-3856
-6748
-9427
-11742
-13569
-14806
-15388
-15287
-14512
-13107
-11150
-8743
-6009
-3081
-97
2813
5530
7954
10005
11632
12806
13525
13807
13687
13213
12439
11420
10209
8849
7377
5816
4179
2472
693
-1160
-3088
-5081
-7123
-9179
-11201
-13123
-14867
-16339
-17442
-18079
-18159
-17604
-16363
-14409
-11752
-8442
-4565
-249
4347
9032
13598
17826
21501
24423
26418
27352
27138
25745
23199
19589
15059
9806
4066
-1892
-7785
-13329
-18255
-22325
-25343
-27168
-27722
-26994
-25040
-21980
-17992
-13299
-8160
-2851
2349
7175
11391
14800
17258
18683
19050
18402
16834
14496
11575
8283
4847
1491
-1578
-4183
-6186
-7496
-8074
-7933
-7138
-5795
-4047
-2059
-10
1924
3579
4818
5537
5673
5209
4174
2638
712
-1467
-3738
-5938
-7901
-9480
-10552
-11027
-10857
-10035
-8596
-6620
-4218
-1532
1281
4054
6625
8844
10587
11759
12304
12205
11485
10204
8457
6362
4057
1686
-607
-2693
-4460
-5822
-6725
-7151
-7111
-6651
-5841
-4772
-3550
-2282
-1074
-20
806
1349
1584
1512
1159
577
-165
-987
-1800
-2520
-3070
-3389
-3434
-3186
-2650
-1856
-854
288
1491
2670
3741
4630
5274
5633
5684
5433
4906
4150
3232
2228
1219
286
-501
-1084
-1427
-1517
-1366
-1011
-509
62
615
1059
1305
1279
925
212
-860
-2256
-3910
-5727
-7583
-9340
-10847
-11959
-12540
-12479
-11696
-10153
-7859
-4870
-1292
2723
6985
11276
15361
19000
21967
24057
25108
25006
23696
21188
17557
12942
7542
1602
-4596
-10749
-16550
-21706
-25952
-29066
-30885
-31311
-30318
-27954
-24336
-19648
-14124
-8041
-1699
4591
10530
15842
20291
23692
25922
26920
26692
25309
22897
19631
15719
11394
6895
2453
-1717
-5435
-8558
-10988
-12679
-13628
-13879
-13513
-12639
-11387
-9895
-8298
-6721
-5269
-4021
-3024
-2295
-1821
-1561
-1453
-1420
-1381
-1256
-972
-477
262
1249
2464
3859
5363
6889
8336
9599
10579
11188
11356
11039
10221
8919
7177
5070
2698
176
-2369
-4808
-7017
-8887
-10330
-11283
-11714
-11622
-11036
-10015
-8638
-7004
-5221
-3398
-1640
-37
1336
2429
3219
3706
3917
3897
3710
3427
3122
2867
2721
2727
2906
3258
3757
4356
4991
5583
6048
6300
6266
5886
5122
3966
2438
588
-1503
-3729
-5967
-8080
-9930
-11386
-12336
-12691
-12397
-11439
-9841
-7672
-5038
-2080
1037
4132
7017
9516
11470
12749
13265
12976
11891
10066
7612
4677
1445
-1877
-5073
-7931
-10258
-11889
-12705
-12634
-11664
-9837
-7256
-4071
-477
3301
7022
10441
13329
15483
16743
17001
16206
14374
11582
7970
3726
-918
-5704
-10359
-14617
-18229
-20981
-22706
-23294
-22697
-20934
-18089
-14303
-9770
-4724
578
5865
10871
15351
19090
21918
23715
24420
24029
22595
20221
17055
13277
9091
4707
336
-3828
-7614
-10883
-13532
-15500
-16764
-17339
-17271
-16634
-15521
-14034
-12278
-10353
-8348
-6338
-4379
-2506
-738
921
2480
3954
5359
6709
8009
9252
10420
11478
12380
13072
13493
13581
13281
12549
11358
9704
7607
5115
2302
-733
-3871
-6978
-9914
-12537
-14719
-16345
-17328
-17612
-17176
-16035
-14246
-11896
-9104
-6012
-2776
441
3483
6208
8493
10250
11422
11989
11971
11421
10424
9087
7534
5892
4287
2832
1619
710
140
-93
-24
285
747
1257
1704
1979
1985
1646
912
-229
-1756
-3608
-5691
-7879
-10027
-11976
-13566
-14648
-15093
-14807
-13734
-11866
-9245
-5962
-2156
1997
6287
10489
14369
17705
20296
21978
22631
22194
20663
18098
14616
10389
5634
598
-4453
-9251
-13541
-17097
-19734
-21318
-21777
-21104
-19354
-16643
-13141
-9061
-4644
-148
4173
8076
11351
13830
15395
15986
15603
14303
12198
9444
6233
2778
-698
-3981
-6871
-9203
-10847
-11724
-11803
-11102
-9690
-7674
-5198
-2428
459
3284
5877
8090
9804
10934
11434
11297
10556
9273
7543
5479
3207
855
-1453
-3606
-5508
-7090
-8306
-9136
-9581
-9667
-9434
-8932
-8219
-7351
-6378
-5342
-4276
-3195
-2107
-1005
121
1287
2506
3787
5128
6512
7910
9274
10543
11643
12493
13011
13117
12744
11842
10386
8379
5856
2887
-429
-3960
-7555
-11044
-14254
-17012
-19160
-20566
-21127
-20785
-19525
-17379
-14430
-10803
-6664
-2207
2354
6796
10904
14477
17346
19379
20490
20648
19869
18224
15829
12838
9436
5821
2199
-1235
-4304
-6866
-8813
-10086
-10671
-10602
-9955
-8842
-7401
-5788
-4160
-2669
-1445
-593
-176
-222
-710
-1580
-2735
-4048
-5372
-6549
-7427
-7868
-7761
-7031
-5648
-3628
-1036
2016
5374
8855
12252
15352
17946
19845
20893
20976
20034
18062
15115
11307
6804
1815
-3420
-8638
-13575
-17978
-21619
-24309
-25908
-26334
-25567
-23649
-20682
-16822
-12270
-7258
-2038
3135
8013
12372
16024
18822
20670
21526
21402
20357
18498
15966
12928
9566
6065
2603
-660
-3586
-6073
-8049
-9481
-10368
-10740
-10653
-10181
-9410
-8430
-7327
-6178
-5049
-3985
-3015
-2150
-1387
-707
-86
504
1090
1690
2316
2966
3624
4262
4843
5319
5641
5764
5647
5263
4601
3670
2499
1140
-337
-1848
-3295
-4579
-5603
-6281
-6546
-6352
-5686
-4563
-3035
-1182
886
3039
5131
7015
8545
9592
10053
9857
8973
7413
5234
2537
-539
-3824
-7126
-10245
-12979
-15144
-16583
-17176
-16850
-15583
-13411
-10422
-6755
-2595
1844
6325
10603
14443
17629
19982
21366
21702
20967
19199
16495
13004
8916
4455
-137
-4616
-8747
-12321
-15167
-17157
-18219
-18336
-17547
-15944
-13662
-10871
-7764
-4545
-1413
1449
3887
5784
7065
7706
7726
7192
6208
4905
3435
1957
622
-433
-1101
-1307
-1019
-249
951
2487
4236
6048
7765
9223
10273
10786
10666
9857
8348
6174
3418
203
-3312
-6943
-10489
-13751
-16537
-18678
-20036
-20515
-20067
-18692
-16442
-13415
-9749
-5618
-1218
3244
7561
11535
14992
17787
19814
21006
21342
20841
19562
17598
15066
12103
8856
5469
2083
-1178
-4209
-6925
-9269
-11206
-12722
-13823
-14530
-14869
-14876
-14583
-14020
-13210
-12170
-10909
-9431
-7737
-5828
-3712
-1404
1068
3660
6312
8947
11474
13790
15784
17346
18373
18776
18486
17466
15709
13247
10151
6531
2527
-1688
-5922
-9974
-13643
-16739
-19097
-20586
-21118
-20654
-19209
-16850
-13696
-9913
-5702
-1288
3090
7193
10799
13716
15789
16916
17048
16199
14437
11887
8719
5141
1382
-2320
-5733
-8644
-10876
-12296
-12823
-12436
-11170
-9119
-6425
-3273
125
3542
6749
9534
11710
13132
13703
13379
12177
10166
7470
4252
711
-2937
-6469
-9672
-12352
-14352
-15557
-15900
-15372
-14012
-11913
-9208
-6065
-2675
762
4047
7000
9463
11317
12483
12930
12671
11763
10303
8417
6253
3967
1716
-356
-2124
-3496
-4412
-4849
-4823
-4385
-3615
-2617
-1508
-410
558
1294
1716
1769
1432
717
-331
-1640
-3111
-4631
-6077
-7328
-8273
-8817
-8892
-8460
-7514
-6084
-4228
-2037
379
2893
5371
7682
9703
11329
12478
13099
13167
12693
11714
10294
8517
6482
4294
2059
-125
-2172
-4015
-5605
-6916
-7943
-8699
-9210
-9516
-9656
-9673
-9599
-9458
-9260
-8996
-8648
-8178
-7545
-6698
-5591
-4186
-2458
-401
1962
4585
7390
10274
13110
15754
18050
19845
20993
21370
20882
19472
17130
13896
9861
5165
-7
-5433
-10866
-16044
-20707
-24611
-27541
-29325
-29845
-29045
-26937
-23598
-19173
-13864
-7920
-1628
4708
10781
16296
20988
24638
27082
28222
28030
26546
23881
20204
15735
10730
5466
223
-4726
-9139
-12812
-15592
-17382
-18148
-17917
-16773
-14847
-12313
-9368
-6226
-3098
-181
2355
4375
5788
6552
6671
6196
5217
3858
2263
588
-1014
-2400
-3449
-4073
-4218
-3868
-3049
-1822
-279
1461
3269
5005
6539
7752
8549
8864
8664
7954
6770
5185
3293
1213
-930
-3005
-4890
-6477
-7680
-8443
-8737
-8567
-7969
-7005
-5758
-4327
-2819
-1338
18
1168
2052
2632
2900
2871
2588
2110
1512
876
286
-183
-468
-523
-327
119
787
1630
2579
3554
4466
5228
5761
5998
5893
5424
4597
3442
2019
405
-1302
-2999
-4576
-5932
-6979
-7648
-7896
-7710
-7106
-6132
-4860
-3385
-1816
-269
1141
2313
3161
3628
3686
3340
2631
1629
434
-837
-2055
-3088
-3814
-4130
-3960
-3263
-2038
-327
1787
4183
6709
9191
11442
13279
14531
15056
14745
13542
11439
8486
4792
513
-4146
-8948
-13635
-17943
-21615
-24423
-26175
-26732
-26017
-24020
-20800
-16484
-11263
-5377
893
7240
13352
18926
23683
27390
29864
30989
30717
29074
26155
22119
17177
11583
5619
-423
-6258
-11619
-16273
-20035
-22771
-24406
-24927
-24375
-22848
-20482
-17450
-13946
-10171
-6324
-2590
873
3936
6507
8534
10003
10931
11370
11390
11076
10522
9816
9040
8257
7514
6835
6223
5661
5118
4550
3911
3155
2245
1157
-117
-1561
-3143
-4806
-6480
-8080
-9516
-10697
-11539
-11973
-11948
-11438
-10445
-9000
-7159
-5008
-2648
-198
2217
4476
6464
8086
9266
9958
10149
9853
9117
8012
6633
5085
3484
1939
552
-593
-1436
-1945
-2115
-1973
-1572
-986
-306
368
937
1310
1413
1194
629
-274
-1474
-2903
-4465
-6046
-7520
-8758
-9640
-10063
-9949
-9254
-7969
-6129
-3807
-1111
1816
4812
7702
10307
12462
14021
14872
14942
14207
12689
10461
7643
4391
895
-2641
-6003
-8988
-11413
-13127
-14023
-14046
-13194
-11520
-9133
-6186
-2869
601
3997
7095
9687
11597
12692
12891
12167
10558
8155
5104
1595
-2151
-5895
-9393
-12415
-14755
-16248
-16780
-16292
-14789
-12336
-9057
-5125
-756
3808
8312
12502
16143
19027
20992
21926
21774
20541
18293
15147
11268
6859
2145
-2639
-7258
-11494
-15154
-18084
-20171
-21350
-21605
-20966
-19506
-17333
-14583
-11408
-7971
-4431
-938
2376
5401
8055
10281
12052
13362
14228
14681
14762
14517
13990
13221
12243
11078
9741
8237
6567
4733
2735
584
-1700
-4083
-6516
-8934
-11256
-13392
-15242
-16706
-17689
-18109
-17900
-17023
-15469
-13263
-10463
-7162
-3486
417
4376
8215
11754
14825
17280
18998
19898
19938
19123
17501
15165
12244
8897
5305
1658
-1858
-5065
-7814
-9984
-11495
-12310
-12435
-11921
-10855
-9359
-7572
-5650
-3746
-2006
-551
524
1160
1338
1080
447
-469
-1547
-2651
-3639
-4373
-4734
-4628
-3995
-2818
-1123
1022
3506
6185
8890
11437
13641
15326
16342
16571
15940
14428
12066
8939
5184
979
-3461
-7902
-12103
-15828
-18863
-21030
-22197
-22285
-21277
-19216
-16206
-12404
-8013
-3268
1577
6262
10541
14190
17025
18912
19769
19578
18379
16269
13395
9943
6129
2183
-1667
-5204
-8237
-10613
-12224
-13010
-12967
-12137
-10613
-8522
-6023
-3294
-518
2128
4481
6406
7801
8600
8781
8359
7391
5960
4179
2173
78
-1974
-3860
-5478
-6744
-7605
-8037
-8040
-7644
-6898
-5869
-4633
-3271
-1859
-468
845
2037
3082
3970
4704
5299
5776
6161
6474
6733
6943
7098
7182
7165
7007
6664
6089
5241
4089
2617
828
-1249
-3562
-6032
-8558
-11019
-13281
-15207
-16659
-17517
-17677
-17069
-15658
-13452
-10502
-6905
-2799
1643
6218
10708
14890
18545
21477
23520
24552
24498
23343
21127
17946
13950
9333
4321
-838
-5889
-10584
-14697
-18037
-20455
-21856
-22205
-21522
-19885
-17421
-14301
-10725
-6909
-3076
565
3824
6549
8627
9995
10641
10599
9953
8818
7343
5688
4019
2493
1246
385
-24
46
576
1504
2731
4127
5544
6822
7807
8360
8368
7755
6487
4578
2090
-870
-4155
-7586
-10965
-14086
-16747
-18767
-19993
-20315
-19670
-18050
-15504
-12133
-8085
-3552
1247
6076
10693
14868
18395
21100
22857
23589
23271
21938
19673
16606
12905
8765
4396
12
-4182
-8002
-11291
-13930
-15837
-16978
-17356
-17015
-16033
-14511
-12570
-10340
-7950
-5523
-3166
-968
1005
2711
4130
5264
6131
6761
7192
7461
7604
7649
7613
7501
7307
7017
6606
6051
5326
4415
3309
2015
556
-1027
-2676
-4318
-5870
-7242
-8347
-9101
-9438
-9310
-8694
-7598
-6061
-4150
-1963
380
2740
4973
6933
8484
9513
9931
9690
8778
7229
5120
2565
-284
-3254
-6153
-8789
-10977
-12554
-13390
-13397
-12537
-10823
-8323
-5158
-1494
2470
6504
10373
13840
16686
18727
19816
19864
18837
16766
13741
9910
5467
647
-4296
-9095
-13492
-17250
-20169
-22095
-22930
-22639
-21249
-18847
-15576
-11626
-7216
-2591
2002
6326
10164
13337
15709
17198
17774
17464
16343
14532
12185
9479
6602
3740
1062
-1286
-3191
-4583
-5433
-5754
-5600
-5057
-4240
-3277
-2300
-1438
-802
-480
-528
-964
-1770
-2894
-4248
-5719
-7180
-8491
-9519
-10141
-10260
-9805
-8745
-7087
-4879
-2207
808
4020
7263
10363
13153
15473
17190
18202
18443
17889
16559
14510
11840
8677
5171
1486
-2209
-5749
-8984
-11787
-14057
-15726
-16758
-17151
-16934
-16160
-14906
-13260
-11318
-9177
-6929
-4652
-2414
-265
1762
3649
5388
6981
8435
9756
10945
11995
12888
13597
14082
14296
14187
13702
12794
11430
9592
7287
4546
1431
-1966
-5528
-9113
-12564
-15712
-18392
-20446
-21739
-22166
-21659
-20198
-17810
-14572
-10612
-6100
-1240
3735
8583
13057
16931
20000
22104
23130
23024
21791
19502
16283
12312
7811
3028
-1771
-6323
-10381
-13728
-16190
-17648
-18043
-17379
-15724
-13203
-9991
-6304
-2381
1529
5180
8349
10845
12524
13295
13127
12049
10147
7557
4461
1067
-2398
-5708
-8647
-11028
-12699
-13557
-13551
-12685
-11018
-8658
-5754
-2487
942
4325
7462
10171
12301
13740
14420
14320
13470
11942
9845
7323
4534
1649
-1166
-3755
-5987
-7761
-9009
-9704
-9854
-9502
-8724
-7614
-6286
-4856
-3437
-2131
-1022
-167
402
684
705
514
182
-212
-579
-839
-916
-756
-325
385
1355
2540
3872
5264
6617
7827
8795
9429
9658
9433
8733
7567
5974
4021
1800
-580
-2998
-5330
-7456
-9269
-10681
-11628
-12075
-12016
-11475
-10503
-9174
-7577
-5812
-3980
-2180
-496
1005
2276
3294
4062
4603
4960
5188
5350
5508
5717
6020
6441
6978
7609
8286
8940
9484
9823
9857
9496
8661
7300
5390
2944
16
-3304
-6884
-10565
-14160
-17470
-20295
-22442
-23744
-24067
-23323
-21477
-18554
-14636
-9866
-4438
1408
7401
13254
18674
23385
27140
29736
31025
30926
29429
26596
22558
17510
11699
5411
-1046
-7354
-13208
-18332
-22489
-25500
-27248
-27684
-26832
-24780
-21680
-17732
-13174
-8267
-3280
1527
5918
9690
12689
14811
16009
16295
15730
14422
12517
10186
7611
4978
2458
202
-1670
-3075
-3972
-4358
-4270
-3777
-2977
-1980
-910
117
991
1625
1954
1945
1593
926
-2
-1114
-2319
-3517
-4608
-5501
-6118
-6404
-6328
-5888
-5107
-4035
-2740
-1309
164
1583
2859
3913
4686
5142
5269
5079
4611
3921
3083
2179
1294
509
-109
-505
-651
-538
-186
365
1052
1800
2521
3128
3537
3679
3503
2980
2110
921
-530
-2165
-3882
-5570
-7112
-8392
-9310
-9781
-9751
-9193
-8117
-6567
-4619
-2377
33
2470
4790
6855
8540
9744
10397
10466
9954
8904
7396
5539
3466
1324
-736
-2570
-4051
-5079
-5588
-5552
-4985
-3944
-2523
-846
937
2667
4181
5330
5986
6056
5485
4267
2443
103
-2620
-5557
-8513
-11279
-13649
-15426
-16446
-16580
-15753
-13943
-11191
-7596
-3313
1453
6461
11445
16132
20254
23568
25868
26998
26864
25437
22759
18940
14152
8618
2606
-3593
-9678
-15350
-20339
-24406
-27366
-29091
-29518
-28650
-26556
-23364
-19254
-14445
-9184
-3727
1669
6762
11340
15227
18292
20453
21680
21989
21440
20131
18188
15754
12981
10020
7012
4080
1325
-1177
-3378
-5256
-6811
-8060
-9034
-9771
-10309
-10683
-10918
-11028
-11016
-10871
-10571
-10088
-9392
-8455
-7255
-5783
-4046
-2071
97
2392
4730
7016
9145
11010
12511
13558
14082
14040
13414
12222
10511
8361
5875
3181
416
-2275
-4751
-6887
-8576
-9739
-10332
-10346
-9809
-8781
-7356
-5649
-3793
-1926
-182
1315
2465
3195
3467
3278
2664
1692
461
-909
-2285
-3530
-4517
-5131
-5289
-4936
-4060
-2685
-878
1259
3594
5972
8229
10198
11727
12684
12970
12527
11344
9455
6943
3935
590
-2903
-6340
-9519
-12246
-14351
-15700
-16204
-15824
-14574
-12525
-9793
-6542
-2966
719
4291
7533
10249
12276
13497
13843
13302
11921
9796
7075
3943
609
-2703
-5770
-8388
-10380
-11611
-11994
-11500
-10155
-8041
-5291
-2081
1386
4883
8185
11075
13359
14881
15531
15251
14040
11954
9099
5630
1736
-2368
-6455
-10301
-13694
-16452
-18428
-19521
-19680
-18903
-17240
-14785
-11674
-8071
-4157
-127
3830
7537
10838
13607
15750
17211
17969
18039
17467
16321
14690
12673
10375
7896
5330
2759
251
-2143
-4386
-6452
-8327
-10002
-11473
-12730
-13763
-14553
-15075
-15299
-15188
-14704
-13815
-12492
-10722
-8509
-5877
-2876
419
3911
7475
10974
14256
17165
19553
21281
22238
22340
21542
19844
17288
13964
10002
5569
864
-3900
-8498
-12715
-16348
-19226
-21216
-22230
-22233
-21245
-19336
-16626
-13277
-9480
-5449
-1403
2444
5898
8794
11007
12458
13120
13013
12207
10814
8977
6864
4651
2514
611
-922
-1984
-2518
-2510
-1991
-1035
248
1717
3219
4590
5675
6340
6476
6015
4934
3255
1048
-1573
-4458
-7429
-10292
-12852
-14921
-16338
-16974
-16744
-15616
-13611
-10804
-7321
-3334
953
5314
9511
13315
16515
18932
20432
20930
20400
18871
16432
13220
9416
5229
890
-3366
-7316
-10757
-13520
-15480
-16560
-16739
-16044
-14556
-12395
-9718
-6703
-3543
-427
2466
4981
6992
8414
9201
9349
8896
7914
6507
4796
2918
1009
-801
-2396
-3685
-4601
-5108
-5200
-4902
-4260
-3344
-2235
-1020
210
1376
2407
3251
3875
4264
4423
4376
4155
3805
3372
2899
2425
1977
1569
1202
863
527
161
-271
-805
-1470
-2284
-3248
-4346
-5541
-6775
-7974
-9050
-9904
-10440
-10563
-10197
-9285
-7799
-5745
-3165
-140
3216
6754
10303
13674
16676
19121
20841
21697
21588
20464
18324
15226
11280
6650
1540
-3812
-9146
-14196
-18707
-22443
-25208
-26852
-27283
-26473
-24457
-21336
-17268
-12461
-7157
-1628
3852
9012
13605
17419
20292
22114
22839
22480
21110
18857
15889
12408
8636
4797
1106
-2245
-5095
-7330
-8880
-9728
-9904
-9482
-8575
-7322
-5876
-4397
-3034
-1916
-1146
-787
-863
-1356
-2209
-3327
-4591
-5860
-6989
-7835
-8272
-8198
-7547
-6292
-4450
-2083
708
3784
6982
10119
13010
15473
17346
18497
18831
18298
16895
14670
11716
8168
4196
-9
-4240
-8292
-11969
-15100
-17542
-19193
-19994
-19930
-19034
-17379
-15071
-12249
-9068
-5691
-2283
1003
4031
6689
8897
10602
11785
12456
12649
12420
11836
10975
9913
8722
7462
6184
4919
3687
2492
1327
178
-969
-2131
-3313
-4513
-5716
-6892
-7998
-8979
-9774
-10317
-10545
-10401
-9847
-8862
-7448
-5636
-3484
-1075
1482
4061
6526
8736
10559
11875
12589
12639
11999
10683
8749
6293
3449
379
-2735
-5703
-8338
-10468
-11945
-12663
-12555
-11610
-9865
-7411
-4387
-970
2632
6194
9486
12291
14416
15705
16049
15396
13754
11191
7835
3863
-507
-5028
-9437
-13477
-16905
-19510
-21129
-21651
-21028
-19279
-16485
-12788
-8381
-3498
1600
6644
11366
15519
18893
21320
22688
22946
22105
20236
17464
13959
9928
5596
1198
-3039
-6907
-10231
-12874
-14747
-15811
-16075
-15596
-14468
-12819
-10795
-8555
-6253
-4034
-2021
-307
1047
2016
2609
2867
2858
2668
2395
2135
1981
2006
2264
2779
3548
4536
5683
6902
8095
9150
9958
10418
10445
9980
8991
7482
5488
3081
360
-2552
-5515
-8380
-11001
-13241
-14981
-16129
-16625
-16441
-15590
-14115
-12094
-9630
-6846
-3878
-862
2068
4791
7205
9234
10825
11955
12628
12870
12726
12257
11530
10613
9570
8453
7303
6145
4985
3817
2621
1372
41
-1399
-2963
-4654
-6456
-8333
-10227
-12060
-13737
-15153
-16197
-16762
-16753
-16094
-14739
-12676
-9931
-6573
-2710
1510
5910
10288
14428
18117
21150
23347
24566
24710
23734
21654
18543
14534
9809
4594
-854
-6263
-11358
-15877
-19589
-22304
-23888
-24265
-23429
-21438
-18417
-14543
-10042
-5171
-207
4576
8915
12581
15384
17193
17934
17600
16248
13994
11004
7487
3677
-181
-3844
-7087
-9718
-11590
-12604
-12721
-11957
-10385
-8128
-5348
-2238
994
4135
6985
9366
11134
12187
12470
11980
10760
8898
6521
3782
852
-2090
-4873
-7341
-9362
-10840
-11714
-11963
-11605
-10696
-9319
-7582
-5607
-3523
-1453
490
2211
3642
4739
5488
5902
6016
5887
5580
5169
4727
4316
3986
3770
3679
3703
3813
3961
4090
4133
4025
3709
3138
2285
1147
-259
-1887
-3669
-5519
-7336
-9009
-10431
-11499
-12128
-12252
-11836
-10873
-9389
-7442
-5119
-2530
197
2923
5512
7833
9772
11239
12172
12543
12356
11651
10496
8984
7224
5337
3443
1654
67
-1244
-2234
-2887
-3217
-3267
-3106
-2817
-2498
-2244
-2146
-2276
-2685
-3392
-4387
-5623
-7023
-8482
-9872
-11056
-11893
-12252
-12021
-11119
-9501
-7169
-4172
-607
3384
7618
11885
15954
19592
22571
24691
25785
25737
24488
22042
18467
13899
8529
2598
-3616
-9815
-15691
-20951
-25328
-28599
-30594
-31211
-30416
-28252
-24828
-20321
-14960
-9016
-2787
3420
9307
14597
19052
22486
24769
25837
25693
24400
22081
18906
15083
10842
6421
2054
-2043
-5684
-8722
-11056
-12632
-13444
-13532
-12974
-11879
-10380
-8618
-6737
-4870
-3136
-1625
-403
497
1074
1352
1379
1222
956
659
406
257
260
439
798
1320
1966
2684
3410
4074
4610
4958
5072
4926
4510
3841
2953
1902
757
-405
-1501
-2452
-3192
-3666
-3844
-3715
-3296
-2626
-1767
-796
197
1120
1882
2402
2619
2492
2010
1188
72
-1267
-2734
-4218
-5601
-6764
-7597
-8007
-7928
-7322
-6188
-4562
-2513
-145
2414
5014
7499
9713
11511
12769
13395
13332
12565
11123
9077
6536
3642
560
-2532
-5456
-8042
-10142
-11640
-12457
-12558
-11956
-10708
-8911
-6701
-4235
-1688
764
2952
4731
5985
6638
6660
6065
4917
3320
1413
-640
-2660
-4469
-5898
-6807
-7087
-6674
-5555
-3766
-1396
1419
4507
7667
10683
13337
15425
16772
17238
16737
15238
12769
9420
5337
714
-4216
-9195
-13955
-18235
-21790
-24416
-25952
-26296
-25407
-23312
-20100
-15921
-10975
-5500
240
5967
11411
16317
20464
23674
25820
26830
26693
25452
23204
20090
16285
11991
7417
2776
-1733
-5929
-9662
-12817
-15315
-17114
-18212
-18636
-18441
-17701
-16504
-14942
-13109
-11090
-8959
-6778
-4594
-2439
-336
1704
3671
5559
7357
9048
10606
11997
13176
14091
14688
14912
14713
14053
12909
11280
9188
6681
3834
745
-2465
-5661
-8700
-11437
-13735
-15475
-16563
-16933
-16560
-15455
-13671
-11298
-8460
-5307
-2009
1257
4316
7006
9189
10757
11642
11820
11307
10167
8500
6440
4141
1772
-496
-2503
-4112
-5214
-5740
-5662
-4997
-3808
-2193
-287
1755
3765
5573
7024
7984
8351
8065
7114
5529
3391
820
-2027
-4971
-7820
-10381
-12475
-13948
-14684
-14609
-13700
-11988
-9555
-6528
-3075
606
4302
7797
10883
13378
15134
16049
16072
15207
13513
11099
8120
4761
1234
-2244
-5460
-8220
-10362
-11766
-12358
-12120
-11089
-9349
-7034
-4310
-1371
1578
4334
6708
8537
9697
10110
9745
8627
6827
4464
1693
-1305
-4333
-7191
-9691
-11666
-12982
-13547
-13314
-12285
-10510
-8082
-5136
-1832
1648
5115
8383
11282
13662
15409
16444
16727
16262
15091
13289
10962
8236
5247
2140
-950
-3895
-6588
-8941
-10894
-12408
-13471
-14089
-14288
-14104
-13580
-12762
-11695
-10417
-8959
-7346
-5592
-3710
-1706
408
2619
4904
7227
9540
11777
13863
15707
17214
18286
18828
18759
18015
16560
14387
11526
8044
4046
-328
-4906
-9496
-13891
-17880
-21264
-23860
-25521
-26137
-25650
-24055
-21404
-17803
-13408
-8422
-3076
2374
7668
12551
16790
20189
22594
23908
24091
23165
21212
18366
14808
10752
6433
2093
-2036
-5741
-8845
-11214
-12764
-13468
-13351
-12490
-11006
-9053
-6811
-4468
-2210
-206
1403
2510
3055
3024
2448
1405
10
-1594
-3246
-4778
-6031
-6864
-7165
-6861
-5925
-4374
-2276
263
3095
6048
8935
11563
13750
15336
16194
16239
15433
13792
11380
8312
4742
856
-3138
-7026
-10596
-13657
-16046
-17638
-18357
-18174
-17113
-15249
-12698
-9614
-6176
-2580
978
4309
7245
9648
11416
12490
12853
12533
11594
10135
8280
6170
3949
1762
-262
-2013
-3410
-4397
-4956
-5095
-4855
-4296
-3500
-2555
-1555
-588
270
955
1427
1667
1677
1479
1112
627
83
-462
-953
-1345
-1607
-1724
-1699
-1549
-1309
-1021
-735
-501
-364
-360
-508
-811
-1252
-1794
-2382
-2948
-3414
-3702
-3736
-3452
-2806
-1776
-373
1366
3369
5538
7747
9855
11712
13167
14081
14338
13850
12570
10496
7675
4202
216
-4102
-8539
-12864
-16839
-20233
-22833
-24465
-24998
-24355
-22525
-19556
-15564
-10719
-5244
601
6530
12250
17473
21936
25413
27732
28777
28503
26933
24156
20327
15650
10372
4767
-881
-6293
-11212
-15415
-18725
-21021
-22241
-22385
-21513
-19735
-17208
-14120
-10678
-7098
-3584
-322
2533
4866
6604
7723
8242
8223
7760
6971
5991
4955
3991
3211
2699
2507
2651
3112
3836
4738
5714
6643
7403
7876
7962
7586
6701
5300
3412
1103
-1526
-4347
-7211
-9959
-12432
-14480
-15972
-16809
-16923
-16287
-14917
-12869
-10237
-7145
-3744
-199
3319
6645
9628
12136
14072
15369
15996
15962
15305
14098
12434
10422
8183
5834
3488
1244
-819
-2641
-4189
-5449
-6430
-7155
-7662
-7993
-8190
-8292
-8327
-8313
-8250
-8127
-7919
-7589
-7099
-6406
-5477
-4287
-2829
-1114
823
2924
5110
7284
9334
11142
12591
13576
14005
13816
12975
11487
9394
6778
3755
473
-2899
-6176
-9175
-11719
-13652
-14851
-15232
-14757
-13440
-11346
-8588
-5322
-1741
1943
5503
8720
11388
13335
14427
14586
13786
12063
9511
6278
2555
-1430
-5432
-9199
-12490
-15090
-16820
-17555
-17228
-15835
-13435
-10152
-6161
-1684
3029
7707
12084
15905
18949
21037
22044
21908
20631
18278
14977
10906
6283
1357
-3614
-8370
-12670
-16303
-19100
-20940
-21761
-21555
-20372
-18311
-15515
-12159
-8439
-4559
-719
2895
6126
8848
10974
12460
13302
13532
13218
12450
11335
9989
8524
7043
5631
4353
3246
2323
1573
962
441
-48
-566
-1168
-1900
-2788
-3840
-5040
-6349
-7705
-9033
-10241
-11236
-11924
-12223
-12066
-11412
-10243
-8576
-6455
-3955
-1179
1754
4707
7540
10117
12312
14020
15159
15680
15568
14841
13549
11772
9612
7188
4625
2052
-413
-2667
-4629
-6240
-7471
-8322
-8814
-8994
-8922
-8668
-8306
-7904
-7517
-7186
-6931
-6748
-6613
-6481
-6292
-5975
-5459
-4677
-3574
-2116
-296
1863
4308
6952
9679
12351
14815
16908
18477
19379
19501
18764
17132
14618
11287
7254
2680
-2232
-7254
-12136
-16628
-20489
-23505
-25498
-26343
-25972
-24381
-21632
-17851
-13219
-7969
-2364
3308
8756
13703
17896
21128
23244
24151
23824
22309
19713
16204
11997
7343
2511
-2225
-6607
-10400
-13412
-15504
-16592
-16657
-15739
-13937
-11399
-8314
-4895
-1369
2039
5119
7691
9611
10784
11164
10758
9622
7858
5602
3018
284
-2417
-4914
-7052
-8709
-9794
-10259
-10095
-9335
-8046
-6326
-4296
-2086
165
2327
4284
5939
7221
8090
8532
8565
8227
7581
6698
5660
4545
3427
2366
1408
578
-118
-689
-1163
-1577
-1974
-2396
-2881
-3455
-4130
-4900
-5739
-6605
-7438
-8167
-8714
-9002
-8960
-8532
-7677
-6385
-4668
-2571
-167
2446
5148
7804
10274
12419
14109
15238
15725
15521
14618
13044
10868
8191
5147
1889
-1417
-4601
-7503
-9980
-11914
-13225
-13867
-13837
-13172
-11947
-10267
-8263
-6078
-3862
-1757
111
1640
2759
3435
3672
3510
3023
2311
1494
700
55
-327
-356
29
852
2097
3707
5585
7604
9609
11434
12908
13870
14182
13739
12477
10385
7503
3925
-205
-4698
-9331
-13859
-18030
-21598
-24341
-26073
-26655
-26009
-24121
-21042
-16891
-11848
-6141
-42
6156
12150
17645
22371
26097
28645
29895
29798
28373
25708
21952
17307
12015
6345
580
-5004
-10150
-14632
-18268
-20928
-22538
-23081
-22599
-21180
-18957
-16097
-12786
-9219
-5590
-2077
1164
4007
6362
8177
9436
10157
10387
10198
9675
8909
7993
7012
6035
5116
4290
3569
2948
2408
1918
1439
935
374
-268
-1001
-1818
-2697
-3601
-4482
-5282
-5940
-6397
-6602
-6517
-6121
-5416
-4424
-3191
-1782
-278
1227
2635
3849
4783
5368
5554
5320
4675
3658
2334
797
-843
-2462
-3934
-5137
-5966
-6335
-6191
-5514
-4321
-2667
-643
1631
4010
6337
8451
10195
11433
12057
11991
11204
9709
7565
4873
1774
-1563
-4951
-8191
-11093
-13481
-15208
-16164
-16286
-15558
-14017
-11748
-8882
-5583
-2042
1536
4946
7994
10512
12368
13471
13780
13305
12108
10291
8000
5404
2691
51
-2336
-4313
-5753
-6574
-6738
-6257
-5192
-3646
-1761
298
2349
4211
5713
6709
7088
6781
5771
4091
1824
-900
-3915
-7025
-10021
-12692
-14839
-16289
-16907
-16605
-15349
-13161
-10122
-6364
-2066
2556
7265
11813
15956
19470
22162
23881
24530
24064
22502
19915
16431
12219
7483
2453
-2636
-7548
-12066
-15996
-19184
-21516
-22923
-23386
-22930
-21623
-19566
-16889
-13739
-10272
-6644
-3002
521
3814
6787
9377
11545
13275
14566
15435
15907
16012
15779
15236
14405
13303
11941
10328
8469
6374
4059
1550
-1115
-3881
-6680
-9426
-12024
-14367
-16345
-17852
-18792
-19085
-18676
-17538
-15680
-13147
-10019
-6413
-2478
1618
5686
9535
12978
15843
17986
19296
19708
19202
17808
15604
12715
9301
5554
1681
-2103
-5593
-8602
-10975
-12597
-13401
-13369
-12538
-10994
-8864
-6311
-3524
-700
1962
4281
6101
7302
7811
7602
6702
5186
3174
819
-1699
-4188
-6456
-8326
-9646
-10301
-10222
-9387
-7829
-5630
-2917
147
3371
6550
9480
11967
13846
14987
15304
14766
13391
11252
8471
5207
1652
-1985
-5491
-8661
-11314
-13300
-14513
-14895
-14442
-13199
-11263
-8769
-5886
-2805
277
3166
5686
7689
9065
9747
9717
9004
7684
5869
3706
1361
-992
-3180
-5045
-6453
-7304
-7538
-7138
-6131
-4586
-2606
-328
2097
4503
6730
8627
10066
10948
11210
10827
9815
8227
6150
3699
1009
-1774
-4504
-7040
-9257
-11053
-12353
-13111
-13314
-12978
-12145
-10881
-9266
-7392
-5352
-3238
-1131
898
2796
4525
6062
7401
8546
9506
10294
10922
11397
11715
11864
11822
11557
11030
10202
9036
7502
5586
3291
645
-2299
-5460
-8731
-11983
-15070
-17834
-20117
-21769
-22656
-22675
-21757
-19876
-17057
-13373
-8947
-3948
1417
6910
12279
17265
21621
25123
27585
28870
28896
27647
25171
21577
17037
11770
6032
105
-5721
-11165
-15967
-19906
-22808
-24560
-25112
-24478
-22737
-20027
-16532
-12473
-8094
-3647
626
4501
7794
10361
12113
13014
13086
12401
11076
9264
7140
4890
2699
732
-867
-1994
-2587
-2628
-2146
-1214
62
1547
3087
4527
5714
6517
6831
6588
5760
4366
2465
158
-2422
-5119
-7762
-10177
-12201
-13693
-14539
-14666
-14044
-12688
-10657
-8053
-5011
-1696
1716
5039
8097
10730
12804
14222
14923
14892
14155
12779
10863
8535
5941
3235
570
-1913
-4090
-5867
-7179
-7994
-8314
-8173
-7632
-6772
-5689
-4485
-3259
-2103
-1092
-283
293
626
730
641
407
89
-247
-539
-732
-784
-671
-385
58
628
1277
1947
2575
3097
3455
3606
3521
3191
2630
1874
978
13
-940
-1795
-2469
-2890
-3002
-2773
-2196
-1295
-123
1241
2694
4119
5388
6377
6970
7073
6620
5579
3959
1813
-767
-3652
-6679
-9664
-12412
-14729
-16432
-17368
-17418
-16512
-14634
-11823
-8178
-3852
957
6011
11049
15799
19996
23396
25789
27018
26982
25647
23051
19297
14554
9046
3038
-3174
-9282
-14985
-20001
-24086
-27047
-28750
-29128
-28186
-25995
-22691
-18464
-13546
-8199
-2698
2686
7698
12113
15752
18484
20234
20985
20775
19691
17864
15454
12641
9612
6547
3613
948
-1341
-3187
-4560
-5468
-5954
-6087
-5958
-5667
-5314
-4994
-4785
-4741
-4892
-5237
-5749
-6374
-7038
-7652
-8121
-8355
-8269
-7802
-6912
-5589
-3854
-1758
618
3168
5770
8289
10590
12543
14035
14976
15305
14994
14051
12517
10469
8008
5258
2355
-560
-3348
-5886
-8068
-9811
-11065
-11809
-12050
-11826
-11196
-10237
-9039
-7693
-6287
-4901
-3598
-2423
-1399
-529
203
830
1394
1945
2530
3188
3947
4817
5786
6824
7878
8880
9748
10392
10726
10669
10160
9157
7648
5655
3233
469
-2517
-5584
-8572
-11314
-13647
-15422
-16513
-16828
-16318
-14979
-12854
-10037
-6664
-2909
1027
4926
8567
11739
14257
15967
16765
16598
15470
13445
10639
7219
3392
-610
-4542
-8161
-11240
-13586
-15048
-15529
-14993
-13466
-11036
-7848
-4095
-6
4165
8161
11730
14646
16720
17815
17849
16807
14735
11743
7995
3700
-900
-5546
-9976
-13941
-17220
-19631
-21044
-21386
-20644
-18866
-16154
-12664
-8588
-4144
432
4907
9061
12698
15658
17824
19127
19545
19107
17884
15981
13535
10699
7634
4498
1438
-1420
-3973
-6149
-7907
-9234
-10145
-10676
-10880
-10818
-10553
-10147
-9648
-9095
-8506
-7888
-7228
-6503
-5681
-4725
-3604
-2292
-778
934
2816
4824
6891
8934
10856
12554
13924
14871
15313
15188
14464
13136
11235
8823
5994
2865
-424
-3722
-6875
-9735
-12168
-14064
-15340
-15950
-15884
-15168
-13864
-12065
-9887
-7462
-4930
-2429
-85
1994
3726
5059
5974
6483
6629
6479
6119
5644
5153
4736
4470
4406
4573
4965
5548
6259
7010
7697
8205
8421
8241
7583
6391
4646
2369
-378
-3493
-6835
-10237
-13509
-16454
-18879
-20605
-21484
-21409
-20319
-18210
-15135
-11206
-6586
-1483
3857
9170
14184
18636
22288
24939
26441
26704
25705
23488
20164
15904
10929
5498
-106
-5592
-10682
-15117
-18684
-21215
-22606
-22817
-21875
-19867
-16942
-13292
-9144
-4749
-359
3782
7453
10471
12698
14048
14492
14055
12815
10894
8451
5667
2737
-147
-2804
-5079
-6847
-8023
-8566
-8475
-7793
-6597
-4994
-3112
-1088
937
2832
4482
5794
6706
7182
7221
6848
6113
5088
3856
2505
1123
-209
-1423
-2470
-3317
-3954
-4388
-4641
-4748
-4751
-4691
-4608
-4533
-4482
-4461
-4456
-4442
-4379
-4221
-3918
-3420
-2689
-1697
-436
1079
2812
4700
6662
8595
10386
11917
13071
13743
13847
13324
12146
10324
7904
4974
1652
-1911
-5545
-9069
-12298
-15058
-17197
-18591
-19156
-18851
-17683
-15705
-13018
-9761
-6104
-2238
1633
5311
8610
11371
13467
14815
15379
15170
14244
12700
10672
8316
5803
3305
984
-1020
-2596
-3673
-4220
-4252
-3822
-3024
-1978
-824
288
1213
1820
2005
1698
869
-465
-2243
-4363
-6686
-9045
-11257
-13138
-14510
-15220
-15148
-14219
-12409
-9748
-6325
-2277
2210
6914
11592
15989
19857
22967
25126
26187
26059
24716
22192
18591
14071
8843
3155
-2717
-8492
-13889
-18651
-22556
-25427
-27144
-27646
-26937
-25079
-22193
-18446
-14044
-9216
-4203
756
5437
9643
13210
16020
17999
19120
19402
18902
17716
15960
13770
11287
8652
5994
3425
1038
-1103
-2955
-4501
-5745
-6707
-7420
-7920
-8248
-8436
-8511
-8489
-8374
-8158
-7825
-7354
-6720
-5902
-4886
-3668
-2261
-693
990
2728
4444
6055
7471
8607
9385
9743
9640
9058
8012
6544
4723
2648
434
-1787
-3879
-5708
-7154
-8118
-8527
-8344
-7571
-6247
-4451
-2295
81
2518
4849
6907
8541
9619
10048
9770
8775
7101
4829
2084
-974
-4159
-7274
-10117
-12499
-14255
-15254
-15409
-14683
-13093
-10710
-7652
-4083
-198
3785
7639
11146
14104
16345
17739
18212
17740
16358
14152
11257
7849
4129
314
-3375
-6734
-9581
-11770
-13202
-13827
-13647
-12716
-11134
-9040
-6603
-4006
-1438
923
2917
4420
5346
5654
5353
4496
3180
1535
-282
-2102
-3755
-5082
-5946
-6244
-5916
-4946
-3365
-1252
1271
4051
6908
9650
12086
14036
15345
15895
15608
14459
12471
9719
6325
2450
-1714
-5956
-10059
-13810
-17015
-19510
-21168
-21905
-21688
-20533
-18503
-15703
-12276
-8390
-4229
15
4155
8020
11460
14353
16612
18185
19055
19236
18774
17735
16202
14271
12037
9594
7031
4422
1830
-694
-3115
-5404
-7543
-9515
-11304
-12891
-14253
-15356
-16164
-16632
-16713
-16363
-15540
-14218
-12382
-10041
-7228
-4003
-453
3306
7139
10889
14392
17481
19994
21791
22754
22803
21899
20050
17311
13786
9624
5011
160
-4697
-9323
-13490
-16992
-19653
-21346
-21991
-21567
-20112
-17718
-14532
-10739
-6561
-2235
1995
5896
9258
11908
13719
14618
14587
13668
11958
9599
6772
3682
549
-2412
-5003
-7052
-8431
-9057
-8902
-7991
-6402
-4259
-1724
1014
3755
6297
8452
10058
10992
11176
10580
9230
7201
4615
1629
-1569
-4780
-7801
-10441
-12534
-13946
-14590
-14424
-13459
-11756
-9420
-6594
-3452
-182
3021
5972
8503
10478
11798
12408
12301
11512
10123
8247
6028
3625
1203
-1076
-3070
-4658
-5755
-6312
-6320
-5812
-4854
-3544
-2003
-365
1232
2656
3789
4540
4845
4674
4035
2967
1544
-138
-1962
-3801
-5527
-7019
-8174
-8908
-9167
-8928
-8198
-7016
-5448
-3583
-1525
615
2724
4694
6434
7868
8944
9635
9937
9869
9470
8793
7901
6858
5728
4566
3416
2306
1250
246
-720
-1674
-2644
-3658
-4740
-5901
-7137
-8426
-9727
-10977
-12100
-13004
-13593
-13771
-13450
-12559
-11051
-8913
-6166
-2869
876
4933
9132
13280
17168
20585
23328
25216
26102
25883
24508
21987
18387
13837
8520
2667
-3458
-9566
-15364
-20566
-24914
-28186
-30216
-30898
-30195
-28143
-24844
-20468
-15236
-9415
-3296
2817
8625
13853
18260
21658
23915
24966
24813
23520
21214
18069
14299
10141
5840
1638
-2245
-5622
-8347
-10324
-11511
-11916
-11600
-10665
-9246
-7501
-5601
-3712
-1986
-554
488
1083
1212
900
208
-772
-1922
-3111
-4206
-5079
-5620
-5745
-5400
-4570
-3276
-1577
436
2647
4919
7109
9073
10680
11817
12403
12386
11755
10534
8787
6605
4110
1439
-1262
-3848
-6182
-8147
-9652
-10635
-11069
-10961
-10349
-9301
-7907
-6274
-4516
-2746
-1069
424
1664
2606
3231
3548
3587
3399
3050
2614
2164
1770
1489
1361
1408
1629
2002
2485
3023
3548
3990
4280
4359
4183
3726
2986
1987
772
-590
-2017
-3414
-4683
-5729
-6470
-6842
-6803
-6342
-5478
-4260
-2766
-1096
630
2288
3748
4894
5629
5879
5606
4810
3529
1840
-146
-2291
-4434
-6410
-8053
-9212
-9763
-9616
-8725
-7092
-4771
-1865
1478
5072
8704
12147
15172
17567
19144
19760
19320
17790
15198
11636
7255
2262
-3099
-8550
-13804
-18576
-22599
-25643
-27528
-28132
-27401
-25352
-22073
-17718
-12498
-6668
-518
5650
11534
16850
21348
24824
27132
28186
27971
26534
23986
20487
16243
11486
6466
1431
-3382
-7764
-11540
-14580
-16800
-18169
-18701
-18455
-17524
-16031
-14115
-11920
-9590
-7255
-5024
-2982
-1187
337
1588
2591
3390
4038
4596
5120
5657
6240
6885
7584
8311
9022
9656
10143
10411
10392
10025
9270
8106
6539
4600
2349
-130
-2733
-5342
-7832
-10077
-11962
-13387
-14276
-14580
-14284
-13404
-11989
-10117
-7890
-5429
-2862
-320
2071
4204
5989
7364
8297
8785
8854
8557
7966
7168
6255
5319
4443
3695
3121
2744
2561
2543
2641
2786
2901
2902
2711
2264
1514
439
-953
-2624
-4504
-6499
-8491
-10349
-11936
-13119
-13780
-13825
-13192
-11858
-9842
-7209
-4063
-550
3157
6863
10362
13455
15955
17705
18588
18532
17519
15587
12830
9389
5452
1237
-3020
-7075
-10695
-13671
-15831
-17050
-17259
-16451
-14680
-12057
-8747
-4956
-920
3110
6886
10171
12763
14502
15278
15046
13819
11674
8744
5212
1297
-2759
-6703
-10293
-13303
-15549
-16887
-17232
-16557
-14897
-12343
-9040
-5174
-964
3354
7541
11368
14629
17154
18817
19542
19306
18141
16125
13383
10071
6371
2477
-1416
-5124
-8480
-11349
-13628
-15252
-16194
-16463
-16103
-15183
-13793
-12037
-10022
-7853
-5626
-3424
-1310
668
2483
4123
5592
6901
8063
9096
10007
10799
11461
11974
12304
12411
12250
11775
10944
9728
8112
6102
3728
1043
-1872
-4915
-7966
-10890
-13548
-15803
-17530
-18620
-18996
-18610
-17454
-15558
-12994
-9868
-6321
-2516
1369
5148
8642
11688
14147
15915
16926
17157
16629
15407
13588
11305
8708
5961
3226
657
-1614
-3482
-4877
-5768
-6163
-6106
-5674
-4972
-4118
-3240
-2462
-1894
-1621
-1701
-2155
-2965
-4077
-5400
-6818
-8193
-9378
-10228
-10609
-10413
-9566
-8035
-5833
-3021
293
3958
7789
11580
15109
18159
20529
22046
22580
22051
20437
17777
14171
9774
4790
-538
-5945
-11155
-15898
-19929
-23036
-25057
-25888
-25491
-23890
-21179
-17507
-13074
-8122
-2912
2282
7195
11581
15231
17983
19726
20411
20048
18706
16504
13606
10207
6520
2766
-843
-4115
-6889
-9041
-10492
-11211
-11213
-10555
-9330
-7662
-5692
-3570
-1447
541
2275
3662
4641
5183
5289
4992
4349
3437
2344
1163
-17
-1113
-2059
-2806
-3327
-3614
-3680
-3552
-3272
-2886
-2444
-1991
-1564
-1191
-881
-633
-429
-241
-33
236
602
1096
1739
2532
3461
4490
5566
6618
7563
8310
8770
8859
8509
7672
6329
4491
2202
-457
-3376
-6419
-9429
-12239
-14680
-16593
-17838
-18308
-17931
-16680
-14577
-11692
-8142
-4083
291
4768
9121
13127
16576
19288
21118
21971
21801
20622
18501
15555
11948
7878
3563
-766
-4885
-8587
-11693
-14066
-15617
-16306
-16148
-15209
-13597
-11460
-8968
-6306
-3662
-1207
907
2564
3688
4249
4261
3783
2913
1778
526
-686
-1706
-2399
-2653
-2395
-1594
-264
1536
3703
6098
8554
10889
12915
14455
15355
15493
14789
13216
10799
7617
3800
-477
-5006
-9554
-13880
-17747
-20937
-23266
-24590
-24819
-23921
-21923
-18909
-15020
-10439
-5388
-109
5146
10129
14612
18395
21319
23274
24199
24089
22989
20992
18229
14863
11076
7058
2999
-924
-4556
-7767
-10462
-12579
-14090
-15000
-15342
-15171
-14557
-13582
-12326
-10870
-9284
-7627
-5945
-4268
-2616
-997
587
2136
3649
5120
6535
7870
9089
10147
10994
11573
11828
11713
11188
10235
8851
7063
4920
2496
-111
-2784
-5394
-7806
-9887
-11517
-12593
-13042
-12822
-11930
-10402
-8314
-5777
-2933
53
3004
5740
8092
9909
11073
11502
11161
10063
8269
5886
3061
-28
-3181
-6192
-8858
-10996
-12451
-13110
-12909
-11837
-9938
-7310
-4098
-488
3306
7056
10530
13511
15809
17271
17794
17332
15894
13551
10427
6691
2552
-1758
-5999
-9934
-13346
-16050
-17905
-18818
-18758
-17746
-15861
-13231
-10025
-6440
-2690
1008
4447
7445
9855
11569
12532
12737
12225
11082
9434
7430
5238
3028
965
-809
-2179
-3068
-3438
-3297
-2692
-1707
-458
920
2280
3476
4376
4866
4867
4333
3262
1693
-298
-2596
-5062
-7537
-9855
-11853
-13383
-14321
-14577
-14098
-12876
-10946
-8385
-5310
-1866
1779
5444
8947
12117
14799
16868
18230
18831
18659
17736
16126
13921
11238
8211
4982
1693
-1522
-4544
-7274
-9636
-11579
-13077
-14127
-14743
-14956
-14805
-14335
-13589
-12607
-11420
-10053
-8519
-6826
-4977
-2972
-817
1478
3890
6380
8897
11368
13707
15816
17585
18907
19677
19803
19213
17867
15753
12901
9382
5305
818
-3899
-8644
-13199
-17343
-20867
-23580
-25329
-26002
-25540
-23939
-21256
-17605
-13152
-8110
-2723
2744
8017
12834
16956
20181
22358
23391
23249
21966
19637
16415
12500
8127
3553
-961
-5164
-8828
-11766
-13836
-14956
-15104
-14315
-12684
-10356
-7514
-4368
-1142
1942
4679
6891
8443
9247
9265
8519
7078
5060
2620
-60
-2783
-5354
-7588
-9326
-10443
-10857
-10537
-9496
-7801
-5557
-2907
-20
2923
5737
8249