59
250
340
481
602
835
1273
1804
2321
2780
3054
2898
2726
2879
3428
3904
4438
4480
4904
5150
5354
5575
5221
4247
2815
642
-3500
-6710
-8111
-6996
-3611
-195
2858
4660
4967
4810
4158
2609
1249
295
-816
-1646
-2397
-3301
-3595
-3444
-2334
-721
603
1689
2533
2557
2210
1709
835
-55
-722
-1185
-1474
-1823
-2084
-1968
-1700
-1215
-431
-773
-1476
-2268
-2835
-2821
-2821
-2335
-1803
-1341
-998
-855
-996
-1270
-1220
-1238
-1465
-1758
-2117
-2285
-2290
-2003
-1553
-1097
-660
-255
59
262
453
643
742
704
660
541
316
147
50
440
994
1787
2489
2970
3238
3402
3746
4091
4336
4474
4357
4405
4286
4180
4120
4469
4700
4860
4806
4220
1364
-3090
-6962
-8440
-6886
-3417
119
2663
3710
3924
3832
3435
2734
1996
1256
504
-486
-1761
-3015
-3782
-3741
-2734
-1198
145
930
1452
1720
1714
1506
1159
751
144
-454
-907
-1497
-2439
-3720
-4985
-5618
-5231
-3986
-2277
-879
10
349
274
-116
-721
-1183
-1542
-2047
-2658
-3248
-3488
-3229
-2520
-1541
-693
-91
92
83
-19
-83
-1
249
397
449
517
763
1084
1338
1235
1124
1066
1506
2052
2709
3016
3359
3765
4023
4209
4541
5308
5368
5259
5012
5018
5164
5420
5438
5060
4394
3333
1951
-1042
-4728
-7626
-7439
-4681
-1504
869
2116
2900
3081
3319
3570
3368
2451
1038
-178
-1371
-2574
-3715
-4058
-3463
-2293
-1126
-179
442
823
1148
1472
1797
1710
1172
372
-223
-791
-1536
-2702
-4113
-5645
-6448
-5872
-4342
-2525
-1212
-399
-9
201
191
-183
-531
-948
-1762
-2864
-3804
-4076
-3718
-2954
-2094
-1375
-846
-576
-459
-111
404
834
964
869
561
151
-94
-106
180
566
917
1251
1686
2161
2742
3089
3449
3553
3671
3826
4302
4682
4969
5010
5282
5423
5261
5076
5327
5403
5343
4698
3767
2108
-780
-4592
-7748
-7828
-5198
-1735
370
477
226
967
2476
3532
3742
3384
2777
1948
875
-402
-1819
-2707
-3052
-2786
-2373
-1779
-1387
-1309
-1049
-384
772
1657
1720
1379
983
762
256
-889
-2883
-4927
-5743
-5396
-4511
-3770
-3472
-3140
-2477
-1434
-516
162
343
307
-82
-750
-1607
-2349
-2594
-2447
-2122
-1862
-1814
-1768
-1452
-624
59
250
340
481
602
835
1273
1804
2321
2780
3054
2898
2726
2879
3428
3904
4438
4480
4904
5150
5354
5575
5221
4247
2815
642
-3500
-6710
-8111
-6996
-3611
-195
2858
4660
4967
4810
4158
2609
1249
295
-816
-1646
-2397
-3301
-3595
-3444
-2334
-721
603
1689
2533
2557
2210
1709
835
-55
-722
-1185
-1474
-1823
-2084
-1968
-1700
-1215
-431
-773
-1476
-2268
-2835
-2821
-2821
-2335
-1803
-1341
-998
-855
-996
-1270
-1220
-1238
-1465
-1758
-2117
-2285
-2290
-2003
-1553
-1097
-660
-255
59
262
453
643
742
704
660
541
316
147
50
440
994
1787
2489
2970
3238
3402
3746
4091
4336
4474
4357
4405
4286
4180
4120
4469
4700
4860
4806
4220
1364
-3090
-6962
-8440
-6886
-3417
119
2663
3710
3924
3832
3435
2734
1996
1256
504
-486
-1761
-3015
-3782
-3741
-2734
-1198
145
930
1452
1720
1714
1506
1159
751
144
-454
-907
-1497
-2439
-3720
-4985
-5618
-5231
-3986
-2277
-879
10
349
274
-116
-721
-1183
-1542
-2047
-2658
-3248
-3488
-3229
-2520
-1541
-693
-91
92
83
-19
-83
-1
249
397
449
517
763
1084
1338
1235
1124
1066
1506
2052
2709
3016
3359
3765
4023
4209
4541
5308
5368
5259
5012
5018
5164
5420
5438
5060
4394
3333
1951
-1042
-4728
-7626
-7439
-4681
-1504
869
2116
2900
3081
3319
3570
3368
2451
1038
-178
-1371
-2574
-3715
-4058
-3463
-2293
-1126
-179
442
823
1148
1472
1797
1710
1172
372
-223
-791
-1536
-2702
-4113
-5645
-6448
-5872
-4342
-2525
-1212
-399
-9
201
191
-183
-531
-948
-1762
-2864
-3804
-4076
-3718
-2954
-2094
-1375
-846
-576
-459
-111
404
834
964
869
561
151
-94
-106
180
566
917
1251
1686
2161
2742
3089
3449
3553
3671
3826
4302
4682
4969
5010
5282
5423
5261
5076
5327
5403
5343
4698
3767
2108
-780
-4592
-7748
-7828
-5198
-1735
370
477
226
967
2476
3532
3742
3384
2777
1948
875
-402
-1819
-2707
-3052
-2786
-2373
-1779
-1387
-1309
-1049
-384
772
1657
1720
1379
983
762
256
-889
-2883
-4927
-5743
-5396
-4511
-3770
-3472
-3140
-2477
-1434
-516
162
343
307
-82
-750
-1607
-2349
-2594
-2447
-2122
-1862
-1814
-1768
-1452
-624