-1386
-1236
-1570
-3024
-4062
-5213
-5616
-4815
-3557
-4169
-4235
-3524
-3192
-3124
-2814
-941
244
1278
1686
1994
2569
3290
3266
2426
2488
2270
942
-963
-2060
-2650
-3497
-4836
-5809
-6250
-6577
-6572
-6833
-6313
-5452
-4871
-4584
-3841
-2564
-1628
-854
-55
1099
2196
3017
3578
4456
5633
6274
6630
6788
7415
7761
7826
7659
7913
7742
7277
6826
7082
6422
3699
1971
2172
1388
-535
-758
-1099
-2520
-4073
-4928
-4982
-4532
-3786
-4490
-4620
-3830
-3700
-3874
-3215
-1414
-876
-268
229
838
1328
1503
1322
1389
1945
1593
387
-517
-798
-1257
-2257
-3001
-3310
-3765
-4611
-5111
-5336
-4996
-4805
-4838
-4527
-3857
-3203
-2717
-1881
-713
360
1119
1779
2588
3537
4524
5407
6085
7097
7784
8250
8623
9261
9691
9366
9170
9098
8930
6820
4233
3051
3086
1574
-682
-160
-593
-2910
-4517
-4594
-4462
-4502
-4440
-5074
-4613
-4068
-4483
-4346
-3138
-1632
-1575
-1104
-106
672
756
463
1005
1575
1663
640
-125
-449
-1005
-1986
-2733
-2734
-3214
-4001
-4691
-4706
-4457
-4651
-4579
-4368
-3862
-3611
-3213
-2406
-1359
-551
-74
703
1677
2698
3759
4517
5354
6367
6789
7250
8264
8898
9285
9547
9547
9917
9526
6677
5195
4825
4318
2126
605
1014
-443
-3046
-3990
-3891
-4503
-4929
-5053
-5633
-5263
-5423
-5796
-4975
-3360
-2530
-2352
-1477
-351
359
-211
710
1639
1765
1318
664
481
-201
-1245
-2026
-2436
-2847
-3702
-4357
-4787
-4686
-4914
-5068
-4688
-3955
-3575
-3148
-2458
-1646
-767
-175
658
1364
2323
3282
4003
5022
5800
6615
7401
8135
9146
9426
9995
10010
10263
10165
7301
5839
5575
4481
2062
1244
1152
-1009
-3275
-3992
-4326
-4924
-5141
-5225
-5907
-5437
-5599
-5994
-5243
-3467
-2824
-2528
-1705
-1013
-629
-987
210
1122
1490
1308
969
721
241
-313
-1038
-1553
-2014
-2879
-3646
-4376
-4237
-4676
-4960
-4978
-4638
-4288
-3832
-2996
-2168
-1177
-429
428
1520
2819
4175
4988
5662
6798
7785
8407
9104
9578
10017
10318
10241
10253
7510
5881
5297
4880
2843
1933
1937
-38
-2629
-3713
-4173
-4770
-4907
-4841
-5984
-5797
-5645
-5908
-5702
-4043
-2994
-2833
-2132
-1346
-463
-367
362
1109
1685
1690
1084
984
570
408
-385
-1178
-1753
-2655
-3364
-4422
-4614
-4800
-4934
-5029
-5083
-4457
-4072
-3276
-2700
-1730
-610
216
1154
2192
3802
4883
5916
6800
7988
9232
9553
10256
10638
10926
11304
10623
7926
6004
5628
4844
2625
1541
923
-1002
-3619
-4651
-5253
-5734
-5293
-5673
-7017
-6820
-6271
-6164
-5803
-4068
-2841
-2165
-1438
-687
268
908
1578
2228
2519
2666
2185
1651
828
530
-372
-1023
-1999
-3017
-3535
-4419
-4907
-5234
-5381
-5192
-5078
-4684
-4370
-3610
-2904
-1945
-877
55
1367
2398
4066
5371
6550
7821
8795
9869
10517
10793
11191
11220
11471
10443
7791
5131
4774
3912
1750
659
-1000
-2856
-4412
-5518
-6430
-6820
-5979
-6205
-7504
-7385
-6579
-5570
-4631
-3043
-2419
-1571
-421
147
721
1552
2548
3084
3000
2769
1988
1514
640
-153
-1370
-2080
-3058
-4204
-5035
-5848
-6112
-6198
-6106
-5753
-5492
-4608
-3845
-2864
-1927
-646
576
1627
2719
3815
5339
6715
7796
8507
9065
10553
10777
11267
11396
11189
11465
10375
7290
4144
3379
2824
1242
-75
-2534
-4634
-5824
-6159
-6994
-7547
-6486
-6282
-7038
-6924
-6376
-5169
-3360
-1374
-1017
-667
310
1230
2011
2598
2893
3097
3355
2932
1735
651
-359
-805
-1928
-2984
-4274
-5594
-6083
-6576
-6997
-7210
-6991
-6347
-5823
-4804
-4081
-2910
-1491
22
1475
2549
3714
4886
6245
7646
8570
9457
9856
10827
11080
11226
11274
11006
10952
10962
7765
4167
2281
1886
1205
205
-1990
-4757
-6947
-7167
-7189
-7423
-6969
-6527
-7090
-6745
-6080
-5285
-3632
-966
390
827
1107
1459
2335
3633
3852
3647
2998
2717
1923
829
-422
-1799
-3219
-4033
-5017
-6413
-7401
-7791
-7952
-7737
-7454
-7184
-6620
-5085
-3439
-2097
-873
350
1796
3208
4556
5562
6213
7518
8497
9356
9691
10472
10786
10421
10996
10621
9998
9949
8757
6340
2425
755
344
62
-115
-2532
-6016
-7963
-7866
-7419
-7017
-6071
-6584
-6931
-6094
-4857
-3545
-1840
104
985
1687
2538
2581
3106
4128
4143
3429
2608
1547
-44
-962
-1966
-3513
-4935
-6031
-6965
-7907
-8208
-8309
-8565
-8156
-7397
-6760
-5881
-4373
-2981
-1720
-147