156
442
670
853
945
1087
1235
1416
1651
1816
2070
2092
2198
2195
2057
1960
1753
1699
1559
1610
1546
1732
1730
1904
2071
2209
2461
2420
2574
2488
2522
2635
2708
2874
2986
3130
3295
3080
2388
1531
359
-850
-1957
-3074
-3639
-3832
-3635
-2954
-2140
-1387
-448
178
574
906
817
788
720
592
617
726
770
884
944
705
552
145
-357
-818
-1319
-1655
-1794
-1818
-1628
-1234
-818
-347
133
407
662
795
772
777
691
634
576
470
131
-360
-960
-1665
-2297
-2929
-3349
-3668
-3623
-3366
-2816
-2157
-1413
-757
-251
136
240
247
58
-175
-392
-514
-544
-549
-463
-454
-369
-364
-366
-437
-492
-494
-430
-260
-46
156
442
670
853
945
1087
1235
1416
1651
1816
2070
2092
2198
2195
2057
1960
1753
1699
1559
1610
1546
1732
1730
1904
2071
2209
2461
2420
2574
2488
2522
2635
2708
2874
2986
3130
3295
3080
2388
1531
359
-850
-1957
-3074
-3639
-3832
-3635
-2954
-2140
-1387
-448
178
574
906
817
788
720
592
617
726
770
884
944
705
552
145
-357
-818
-1319
-1655
-1794
-1818
-1628
-1234
-818
-347
133
407
662
795
772
777
691
634
576
470
131
-360
-960
-1665
-2297
-2929
-3349
-3668
-3623
-3366
-2816
-2157
-1413
-757
-251
136
240
247
58
-175
-392
-514
-544
-549
-463
-454
-369
-364
-366
-437
-492
-494
-430
-260
-46
156
442
670
853
945
1087
1235
1416
1651
1816
2070
2092
2198
2195
2057
1960
1753
1699
1559
1610
1546
1732
1730
1904
2071
2209
2461
2420
2574
2488
2522
2635
2708
2874
2986
3130
3295
3080
2388
1531
359
-850
-1957
-3074
-3639
-3832
-3635
-2954
-2140
-1387
-448
178
574
906
817
788
720
592
617
726
770
884
944
705
552
145
-357
-818
-1319
-1655
-1794
-1818
-1628
-1234
-818
-347
133
407
662
795
772
777
691
634
576
470
131
-360
-960
-1665
-2297
-2929
-3349
-3668
-3623
-3366
-2816
-2157
-1413
-757
-251
136
240
247
58
-175
-392
-514
-544
-549
-463
-454
-369
-364
-366
-437
-492
-494
-430
-260
-46
156
442
670
853
945
1087
1235
1416
1651
1816
2070
2092
2198
2195
2057
1960
1753
1699
1559
1610
1546
1732
1730
1904
2071
2209
2461
2420
2574
2488
2522
2635
2708
2874
2986
3130
3295
3080
2388
1531
359
-850
-1957
-3074
-3639
-3832
-3635
-2954
-2140
-1387
-448
178
574
906
817
788
720
592
617
726
770
884
944
705
552
145
-357
-818
-1319
-1655
-1794
-1818
-1628
-1234
-818
-347
133
407
662
795
772
777
691
634
576
470
131
-360
-960
-1665
-2297
-2929
-3349
-3668
-3623
-3366
-2816
-2157
-1413
-757
-251
136
240
247
58
-175
-392
-514
-544
-549
-463
-454
-369
-364
-366
-437
-492
-494
-430
-260
-46
156
442
670
853
945
1087
1235
1416
1651
1816
2070
2092
2198
2195
2057
1960
1753
1699
1559
1610
1546
1732
1730
1904
2071
2209
2461
2420
2574
2488
2522
2635
2708
2874
2986
3130
3295
3080
2388
1531
359
-850
-1957
-3074
-3639
-3832
-3635
-2954
-2140
-1387
-448
178
574
906
817
788
720
592
617
726
770
884
944
705
552
145
-357
-818
-1319
-1655
-1794
-1818
-1628
-1234
-818
-347
133
407
662
795
772
777
691
634
576
470
131
-360
-960
-1665
-2297
-2929
-3349
-3668
-3623
-3366
-2816
-2157
-1413
-757
-251
136
240
247
58
-175
-392
-514
-544
-549
-463
-454
-369
-364
-366
-437
-492
-494
-430
-260
-46
156
442
670
853
945
1087
1235
1416
1651
1816
2070
2092
2198
2195
2057
1960
1753
1699
1559
1610
1546
1732
1730
1904
2071
2209
2461
2420
2574
2488
2522
2635
2708
2874
2986
3130
3295
3080
2388
1531
359
-850
-1957
-3074
-3639
-3832
-3635
-2954
-2140
-1387
-448
178
574
906
817
788
720
592
617
726
770
884
944
705
552
145
-357
-818
-1319
-1655
-1794
-1818
-1628
-1234
-818
-347
133
407
662
795
772
777
691
634
576
470
131
-360
-960
-1665
-2297
-2929
-3349
-3668
-3623
-3366
-2816
-2157
-1413
-757
-251
136
240
247
58
-175
-392
-514
-544
-549
-463
-454
-369
-364
-366
-437
-492
-494
-430
-260
-46