0.000000
0.003661
0.711191
0.093788
0.456936
0.139739
0.850594
0.560775
-2.583532
-2.631615
-2.218039
-2.403716
-1.985247
-2.114575
-1.340536
-1.121441
2.349113
-1.520402
2.866511
-1.329622
-2.900714
-0.971392
-1.275774
2.201488
2.372023
2.702303
2.963301
2.818593
3.027092
2.903924
2.964326
-0.304767
-2.974942
1.651210
-3.120375
0.110263
-2.988522
0.122784
-0.293514
1.854515
-1.211013
1.789553
-1.033979
1.800535
-1.217896
-1.282061
1.147019
0.091681
-2.264606
-1.263678
2.441938
-2.392940
1.602819
2.060873
-0.301484
1.601800
0.089426
1.619414
-0.130946
1.446892
0.455377
-1.836664
-1.992304
0.847363
1.605422
-0.447075
0.978003
-1.474882
-1.006799
-1.748266
-0.854794
-1.422978
-1.125444
-3.048361
-1.405049
1.755561
1.718691
-1.179993
-0.845628
-0.830530
2.201006
-1.565887
1.410384
1.150076
-2.495952
-2.783343
1.220482
1.490691
-0.758100
0.824307
-2.064441
-1.706029
-2.769106
3.035305
-1.981538
-2.034399
-1.871131
-1.875709
1.318227
0.106466
1.582288
-1.928161
-2.228276
-2.939690
-2.820747
0.169449
-0.780842
1.151831
0.072062
1.129308
1.081995
0.962661
0.911939
-2.523999
2.794767
0.189548
1.393951
-1.110591
1.705376
0.226314
-2.697725
1.964944
-0.876018
0.762400
-2.346696
1.020073
-2.537899
-3.002200
-0.651521
-1.796951
-1.752553
3.112141
-0.496320
3.037522
-0.415774
-0.030615
-1.757885
0.034529
-1.413873
-0.013669
-1.577489
0.351795
-0.556391
1.899248
0.266322
-0.092496
-0.186643
2.774431
0.191245
3.084650
1.723272
2.966422
1.377211
-2.445070
3.058816
-1.777201
-2.635385
-1.172693
-0.864140
-1.659201
-2.662995
-2.433952
-0.849672
-2.851016
-0.392813
-0.991014
-1.066657
-2.334558
-0.133376
-0.487108
0.857086
0.442209
-2.733827
2.859920
-0.966170
-1.134781
-0.758700
0.238647
-1.526851
-2.692543
-1.792729
-0.581772
-1.177111
0.354566
-0.292898
-3.104683
-2.814402
0.332850
0.346279
-2.814372
2.819646
-1.838784
2.519326
-0.341329
1.595507
-1.106858
1.844106
-1.026113
0.450840
-1.114956
-0.482183
-0.159051
-1.521020
-0.651768
-2.434457
-1.303627
-1.564903
-1.034660
-2.806814
-2.117456
-2.059539
2.755655
-1.143199
-1.420269
-1.179684
-2.588432
-0.848012
-0.033223
-1.316923
-0.027765
-1.280810
0.001022
-2.043434
-0.241703
-1.246578
0.333228
-0.259620
0.084902
-0.405314
0.142074
0.584233
-1.345731
-0.426559
-0.847170
0.107322
-1.068798
0.039305
-1.168372
-0.974679
-0.790162
-1.249567
-0.626628
-1.342128
-0.813495
-1.653823
-1.178284
-2.776765
-1.477821
3.121105
-1.965904
1.664965
-3.106855
0.784448
1.981172
-0.193204
1.180480
-0.517470
0.610481
-0.501123
-0.512650
-0.052798
-1.075906
-0.443715
-1.593760
-0.364918
-1.194028
-0.569128
-2.283454
-0.185918
-2.194171
-1.342984
-1.384168
-1.381860
2.220597
3.023433
-0.393402
0.774871
-0.812060
-0.628256
-1.104680
0.060896
-0.943762
-0.470454
-0.728446
0.149847
-0.517405
1.714532
-2.884585
-0.113646
0.003371
-0.915096
-0.340014
-2.348737
-1.059948
2.899759
-2.183566
-0.292463
2.785750
-0.825261
2.793738
-1.858245
0.393272
-1.479966
0.788578
-2.707335
0.055513
-2.609649
0.292778
-2.576384
0.353038
0.764106
-0.841609
-0.441114
-0.301123
-0.413172
0.697850
0.883469
-0.060314
-1.137960
-0.368785
0.606091
0.063216
-3.088969
1.015537
-1.160207
-0.804662
2.292055
0.076319
2.991315
-2.871854
0.410668
-1.536610
0.850706
2.583998
-0.066189
-0.129961
0.022200
1.007457
-0.182044
0.675797
-0.963989
0.587346
0.372138
0.857918
0.541253
1.311802
1.140098
-1.172997
1.261938
-1.234080
-2.120328
0.197363
2.790002
-0.176154
-0.216346
-0.078267
-0.785416
-0.000000
0.785416
0.078267
0.216346
0.176154
-2.790002
-0.197363
2.120328
1.234080
-1.261938
1.172997
-1.140098
-1.311802
-0.541253
-0.857918
-0.372138
-0.587346
0.963989
-0.675797
0.182044
-1.007457
-0.022200
0.129961
0.066189
-2.583998
-0.850706
1.536610
-0.410668
2.871854
-2.991315
-0.076319
-2.292055
0.804662
1.160207
-1.015537
3.088969
-0.063216
-0.606091
0.368785
1.137960
0.060314
-0.883469
-0.697850
0.413172
0.301123
0.441114
0.841609
-0.764106
-0.353038
2.576384
-0.292778
2.609649
-0.055513
2.707335
-0.788578
1.479966
-0.393272
1.858245
-2.793738
0.825261
-2.785750
0.292463
2.183566
-2.899759
1.059948
2.348737
0.340014
0.915096
-0.003371
0.113646
2.884585
-1.714532
0.517405
-0.149847
0.728446
0.470454
0.943762
-0.060896
1.104680
0.628256
0.812060
-0.774871
0.393402
-3.023433
-2.220597
1.381860
1.384168
1.342984
2.194171
0.185918
2.283454
0.569128
1.194028
0.364918
1.593760
0.443715
1.075906
0.052798
0.512650
0.501123
-0.610481
0.517470
-1.180480
0.193204
-1.981172
-0.784448
3.106855
-1.664965
1.965904
-3.121105
1.477821
2.776765
1.178284
1.653823
0.813495
1.342128
0.626628
1.249567
0.790162
0.974679
1.168372
-0.039305
1.068798
-0.107322
0.847170
0.426559
1.345731
-0.584233
-0.142074
0.405314
-0.084902
0.259620
-0.333228
1.246578
0.241703
2.043434
-0.001022
1.280810
0.027765
1.316923
0.033223
0.848012
2.588432
1.179684
1.420269
1.143199
-2.755655
2.059539
2.117456
2.806814
1.034660
1.564903
1.303627
2.434457
0.651768
1.521020
0.159051
0.482183
1.114956
-0.450840
1.026113
-1.844106
1.106858
-1.595507
0.341329
-2.519326
1.838784
-2.819646
2.814372
-0.346279
-0.332850
2.814402
3.104683
0.292898
-0.354566
1.177111
0.581772
1.792729
2.692543
1.526851
-0.238647
0.758700
1.134781
0.966170
-2.859920
2.733827
-0.442209
-0.857086
0.487108
0.133376
2.334558
1.066657
0.991014
0.392813
2.851016
0.849672
2.433952
2.662995
1.659201
0.864140
1.172693
2.635385
1.777201
-3.058816
2.445070
-1.377211
-2.966422
-1.723272
-3.084650
-0.191245
-2.774431
0.186643
0.092496
-0.266322
-1.899248
0.556391
-0.351795
1.577489
0.013669
1.413873
-0.034529
1.757885
0.030615
0.415774
-3.037522
0.496320
-3.112141
1.752553
1.796951
0.651521
3.002200
2.537899
-1.020073
2.346696
-0.762400
0.876018
-1.964944
2.697725
-0.226314
-1.705376
1.110591
-1.393951
-0.189548
-2.794767
2.523999
-0.911939
-0.962661
-1.081995
-1.129308
-0.072062
-1.151831
0.780842
-0.169449
2.820747
2.939690
2.228276
1.928161
-1.582288
-0.106466
-1.318227
1.875709
1.871131
2.034399
1.981538
-3.035305
2.769106
1.706029
2.064441
-0.824307
0.758100
-1.490691
-1.220482
2.783343
2.495952
-1.150076
-1.410384
1.565887
-2.201006
0.830530
0.845628
1.179993
-1.718691
-1.755561
1.405049
3.048361
1.125444
1.422978
0.854794
1.748266
1.006799
1.474882
-0.978003
0.447075
-1.605422
-0.847363
1.992304
1.836664
-0.455377
-1.446892
0.130946
-1.619414
-0.089426
-1.601800
0.301484
-2.060873
-1.602819
2.392940
-2.441938
1.263678
2.264606
-0.091681
-1.147019
1.282061
1.217896
-1.800535
1.033979
-1.789553
1.211013
-1.854515
0.293514
-0.122784
2.988522
-0.110263
3.120375
-1.651210
2.974942
0.304767
-2.964326
-2.903924
-3.027092
-2.818593
-2.963301
-2.702303
-2.372023
-2.201488
1.275774
0.971392
2.900714
1.329622
-2.866511
1.520402
-2.349113
1.121441
1.340536
2.114575
1.985247
2.403716
2.218039
2.631615
2.583532
-0.560775
-0.850594
-0.139739
-0.456936
-0.093788
-0.711191
-0.003661
