181157.000000
59965.710054
42358.195151
63237.173409
91213.265582
102724.793608
194891.794457
407273.223161
617704.314211
165415.488890
93478.732538
45501.187811
84418.250939
67529.387735
103864.968348
402061.424329
95520.836709
25718.791202
33265.472873
53024.023659
20869.568879
83400.163752
52128.808958
314140.608793
33220.663871
84798.425574
11047.174509
111881.111954
29635.315300
166989.955787
221136.861802
52362.628591
97466.606448
10615.631058
193316.374255
38517.448804
301349.981002
125435.813483
499212.700686
42598.604666
41438.888588
56785.479457
194728.323950
88864.290439
565357.849937
181221.538926
138751.077740
86251.842073
99866.302781
144032.977729
136241.678322
127471.551686
161573.211131
230617.120522
50752.524675
64624.915296
19771.092304
95818.355358
14487.232765
249968.132589
10625.280146
142032.559115
11910.720958
65268.328563
29249.064362
71177.059721
52198.257382
119599.578198
51142.637377
21861.204693
24525.994233
36537.521646
80884.120415
10378.063561
113286.968257
53847.041751
97210.369467
7399.203076
21583.565143
3905.385958
73735.193694
15403.678196
195502.547351
46459.952224
71147.558462
17343.268335
62761.929617
57894.814108
36387.562564
74609.985751
85957.061169
41802.131620
16526.940517
10756.880853
21759.683211
48250.569604
8248.179675
118257.888911
12694.701949
62606.875812
5730.782230
42793.555103
4553.076173
15709.612652
18019.609361
40535.214165
10426.121206
20120.770014
3065.814427
21625.636715
16843.633771
15338.140149
48014.556542
17780.062881
18879.204820
3987.621018
29046.923302
3101.250258
26360.314895
5040.532809
73689.589600
3496.460035
13425.349623
13157.006576
38419.643170
5754.152795
46498.688896
30082.483177
22005.184413
6905.295767
4053.743714
16653.919289
12195.202192
7252.696963
14511.341986
28967.924959
4977.063882
4940.784442
4840.866410
22699.532533
5451.632554
30865.524448
8469.929374
13120.083897
2410.475298
9949.066844
14188.431421
10966.070380
7885.345803
11208.291522
2177.345373
4860.776592
9512.818416
8307.053700
10424.834901
3799.452952
10527.940079
1699.447478
2971.099697
1258.474681
8375.128861
2094.295686
1520.103106
2503.785272
7567.376911
1717.101346
2030.379775
2475.149829
5864.438695
4810.227940
2356.062696
8189.537900
5124.700358
7214.113482
3588.659254
5071.281778
922.519095
5843.331876
1122.063967
7069.865419
1026.116715
3877.272972
1616.115556
2246.033161
2664.626412
6019.995943
3850.115908
4997.053581
3503.247787
2177.972871
1390.657982
237.768117
3001.399816
1490.594277
4360.170131
1802.006430
4192.892274
1878.993625
5656.922023
838.565625
6754.203073
1476.357371
5103.600131
2090.153332
2896.442563
880.849867
2102.710926
1930.888386
1062.370094
351.061125
996.822660
1675.235960
2356.057560
2583.601695
749.373321
1481.577602
1150.757481
2019.438320
1006.545748
2076.186639
1003.327422
190.809468
914.117392
3258.324476
1413.114746
2647.296589
1566.317517
472.852372
757.349374
984.894264
1742.508351
1149.079643
695.588063
932.015620
1394.192198
880.632937
1860.728044
759.880012
3717.270100
601.330601
2390.099058
669.073813
2973.812878
1252.874007
2615.230582
2359.258947
1114.659231
2221.742180
1186.415875
3824.869747
2551.951294
3620.589728
2612.729833
4609.276806
2004.988089
3520.906495
1312.309331
4843.634358
674.505805
4834.222371
972.061526
3395.956041
1437.876349
921.551405
1005.710790
1283.865039
1579.972378
299.223803
1110.803877
828.848825
367.624069
906.200220
1819.024072
119.630012
1974.370392
908.560758
879.324267
662.028910
1227.045209
513.091257
1917.583474
241.349094
3354.221063
1380.622300
1030.806744
1211.502292
255.501639
430.157342
2334.443776
2352.514832
1001.721385
3001.040305
669.803508
2198.160451
241.549232
1218.712683
233.842988
2146.520303
450.923938
844.025571
469.369352
1548.595000
463.089359
1111.963637
400.080308
1107.584616
1285.134562
2826.947085
297.210393
3451.340114
3777.402074
1965.243969
3001.666112
880.079766
3985.898388
273.959014
652.317789
669.778561
2992.375384
882.443677
1885.922973
1610.146965
2154.994010
478.099166
2524.453624
2562.265464
1877.021886
638.116059
1137.836459
1295.932769
740.756422
236.579031
497.031325
1343.616238
888.212491
658.063580
562.212428
1277.344308
455.008950
832.435937
273.245449
3373.265821
1167.092818
644.838052
979.085076
279.754763
1070.120745
664.642507
651.189174
958.586177
879.575870
683.939270
1553.006207
1648.806392
2176.192508
741.681889
1207.639031
775.000000
1207.639031
741.681889
2176.192508
1648.806392
1553.006207
683.939270
879.575870
958.586177
651.189174
664.642507
1070.120745
279.754763
979.085076
644.838052
1167.092818
3373.265821
273.245449
832.435937
455.008950
1277.344308
562.212428
658.063580
888.212491
1343.616238
497.031325
236.579031
740.756422
1295.932769
1137.836459
638.116059
1877.021886
2562.265464
2524.453624
478.099166
2154.994010
1610.146965
1885.922973
882.443677
2992.375384
669.778561
652.317789
273.959014
3985.898388
880.079766
3001.666112
1965.243969
3777.402074
3451.340114
297.210393
2826.947085
1285.134562
1107.584616
400.080308
1111.963637
463.089359
1548.595000
469.369352
844.025571
450.923938
2146.520303
233.842988
1218.712683
241.549232
2198.160451
669.803508
3001.040305
1001.721385
2352.514832
2334.443776
430.157342
255.501639
1211.502292
1030.806744
1380.622300
3354.221063
241.349094
1917.583474
513.091257
1227.045209
662.028910
879.324267
908.560758
1974.370392
119.630012
1819.024072
906.200220
367.624069
828.848825
1110.803877
299.223803
1579.972378
1283.865039
1005.710790
921.551405
1437.876349
3395.956041
972.061526
4834.222371
674.505805
4843.634358
1312.309331
3520.906495
2004.988089
4609.276806
2612.729833
3620.589728
2551.951294
3824.869747
1186.415875
2221.742180
1114.659231
2359.258947
2615.230582
1252.874007
2973.812878
669.073813
2390.099058
601.330601
3717.270100
759.880012
1860.728044
880.632937
1394.192198
932.015620
695.588063
1149.079643
1742.508352
984.894264
757.349374
472.852372
1566.317517
2647.296589
1413.114746
3258.324476
914.117392
190.809468
1003.327422
2076.186639
1006.545748
2019.438320
1150.757481
1481.577602
749.373321
2583.601695
2356.057560
1675.235960
996.822660
351.061125
1062.370094
1930.888386
2102.710926
880.849867
2896.442563
2090.153332
5103.600131
1476.357371
6754.203073
838.565625
5656.922023
1878.993625
4192.892274
1802.006430
4360.170131
1490.594276
3001.399816
237.768117
1390.657982
2177.972871
3503.247787
4997.053581
3850.115908
6019.995943
2664.626412
2246.033161
1616.115556
3877.272972
1026.116715
7069.865419
1122.063967
5843.331876
922.519095
5071.281778
3588.659254
7214.113482
5124.700358
8189.537900
2356.062696
4810.227940
5864.438695
2475.149829
2030.379775
1717.101346
7567.376911
2503.785272
1520.103106
2094.295686
8375.128861
1258.474681
2971.099697
1699.447478
10527.940079
3799.452952
10424.834901
8307.053700
9512.818416
4860.776592
2177.345373
11208.291522
7885.345803
10966.070380
14188.431421
9949.066844
2410.475298
13120.083897
8469.929374
30865.524448
5451.632554
22699.532533
4840.866410
4940.784442
4977.063882
28967.924959
14511.341986
7252.696963
12195.202192
16653.919289
4053.743714
6905.295767
22005.184413
30082.483177
46498.688896
5754.152795
38419.643170
13157.006576
13425.349623
3496.460035
73689.589600
5040.532809
26360.314895
3101.250258
29046.923302
3987.621018
18879.204820
17780.062881
48014.556542
15338.140149
16843.633771
21625.636715
3065.814427
20120.770014
10426.121206
40535.214165
18019.609361
15709.612652
4553.076173
42793.555103
5730.782230
62606.875812
12694.701949
118257.888911
8248.179675
48250.569604
21759.683211
10756.880853
16526.940517
41802.131620
85957.061169
74609.985751
36387.562564
57894.814108
62761.929617
17343.268335
71147.558462
46459.952224
195502.547351
15403.678196
73735.193694
3905.385958
21583.565143
7399.203076
97210.369467
53847.041751
113286.968257
10378.063561
80884.120415
36537.521646
24525.994233
21861.204693
51142.637377
119599.578198
52198.257382
71177.059721
29249.064362
65268.328563
11910.720958
142032.559115
10625.280146
249968.132589
14487.232765
95818.355358
19771.092304
64624.915296
50752.524675
230617.120522
161573.211131
127471.551686
136241.678322
144032.977729
99866.302781
86251.842073
138751.077740
181221.538926
565357.849937
88864.290439
194728.323950
56785.479457
41438.888588
42598.604666
499212.700685
125435.813483
301349.981002
38517.448804
193316.374255
10615.631058
97466.606448
52362.628591
221136.861802
166989.955787
29635.315300
111881.111954
11047.174509
84798.425574
33220.663871
314140.608793
52128.808958
83400.163752
20869.568879
53024.023659
33265.472873
25718.791202
95520.836709
402061.424329
103864.968348
67529.387735
84418.250939
45501.187811
93478.732538
165415.488890
617704.314211
407273.223161
194891.794457
102724.793608
91213.265582
63237.173409
42358.195151
59965.710054
