467.992759
1.535756
0.254714
0.005858
42.246226
6.893862
16.083146
0.016225
546.529247
407.774984
8.263465
0.321235
94.334915
124.482469
90.708785
1.469804
691.755353
1316.057164
11.922020
8.934502
109.877792
0.158292
0.667636
111.693956
5.588183
59.933539
0.006808
2.533110
33.041403
18.158988
0.741916
0.001809
54.545989
25.640122
74.847739
0.006198
3.211091
567.388258
302.068534
0.426262
1500.027358
63.464727
81.685353
2.437715
3179.144192
290.994463
0.508973
1.065746
65.466911
10.038390
0.045638
70.273020
7999.296233
138.057843
0.015796
154.012447
3924.033970
139.274325
14.142623
0.692417
44.776385
15.563500
11.184110
0.020790
982.963598
36.929738
11.476415
0.285958
18.374195
0.511854
8.080193
5.119661
14.775853
3.399164
30.591506
0.019917
32.239079
1.241523
0.065873
3.514026
352.268083
205.669808
0.254178
23.137834
100.977123
640.440758
71.708744
1.900148
19.765689
9.106107
0.952465
0.235589
183.964997
41.220620
87.010669
0.007018
226.347106
2.092381
6.634171
0.030367
51.968361
0.116863
4.033215
0.006270
35.279443
1.110077
0.014098
0.016426
2455.281349
4.304784
5.945433
10.892078
5065.635879
596.682977
3.023445
13.138246
1169.322683
210.070159
9.651203
3.287071
909.488049
21.942724
216.872858
0.009795
14.411429
48.638135
9.095022
0.011418
0.405427
0.015498
0.016570
0.000428
1.520762
0.131967
0.923437
0.006142
21.356977
50.339792
2.326285
1.783327
21715.185262
164.427830
0.800143
61.731892
116.950195
1052.852877
1.440094
7.022569
16.790129
28.180949
0.181909
0.024799
2.951579
0.068642
0.008387
0.005931
1.146238
0.013161
0.541737
0.000000
28.894875
5.282056
20.768152
0.003141
509.755503
83.219630
4.936144
0.104753
257.537018
159.418820
0.348607
24.552441
200.643705
38.909586
2.022106
6.140915
262.238987
3639.664570
38.555880
0.210993
175.649354
55.864226
4.514051
0.054103
318.909511
367.738822
27.042777
3.779631
1797.339023
1564.558611
471.687358
19.111396
12531.481334
100.419518
134.954545
0.007600
