0.556276
0.147924
0.004374
0.001801
489.727414
51.402598
0.049726
0.492080
11289.290590
70.122833
0.020077
24.955367
3247.363114
792.261165
137.577017
62.221278
380.859798
1828.520750
85.397108
7.500497
34.535004
126.326644
11.485844
2.222043
49.698953
14010.824496
6.163120
0.900680
0.002511
334.579610
0.001228
0.000501
29.935721
4.234728
0.004689
0.008316
44.938985
502.892552
4.124036
0.080430
173.710019
161.328572
5.046976
22.164869
188.219589
355.820465
14.379586
1.880630
1.244144
65.867595
36.076034
111.560344
248.548651
4037.675064
21.138461
32.540595
0.002358
0.494840
0.003080
0.002703
0.227988
4.824728
0.006077
0.010141
94.248426
64.947035
0.023399
1.561253
833.717271
13.776059
0.119680
59.028192
38.994328
1069.983241
3.512624
7.800684
1.511273
180.601177
0.589812
0.208488
1.739497
1771.443250
0.392320
0.973881
1.577281
4.358209
3.857815
0.010628
0.007175
73.731468
0.400023
0.012778
82.846723
27.841241
0.711880
0.299012
89.341913
15.670119
1.055498
2.114044
1177.766555
127.452984
0.012650
2.401006
109.491111
0.100792
0.005516
0.260863
0.277048
193.259450
0.002472
0.123939
6425.570132
2615.692026
18.989641
0.736898
8.540570
43.161325
5.890989
3.175701
12.182924
234.246110
12.664900
2.162297
40.851779
47.714877
2.538600
11.827017
464.627210
817.492490
0.133919
10.378144
18.130749
226.468092
0.014063
22.278433
46.248026
1415.222835
0.361454
6.592529
223.210600
637.913474
26.539323
9.791370
16.732553
1676.075628
9.314244
39.710598
27.064300
15.080088
0.008208
0.019023
134.411797
203.222234
24.508012
8.002375
154.708111
275.391356
1.398096
6.918525
53.251627
57.943132
0.090358
55.060395
304.923880
2909.943679
3.622446
570.293655
10469.469282
260.864498
1.966830
9.593610
403.212726
78.521381
3.130761
328.497387
120.639748
26.814851
5.561216
33.078830
2091.465347
4669.914128
972.474163
1.116614
693.884948
113.815302
10.685494
3.786200
103.460860
99.596874
5.178239
8.806015
542.529053
6981.811352
19.904209
390.329728
