0.429404
0.002450
0.001245
0.000000
182.471506
0.269862
0.055854
0.000000
10082.711483
4.937173
38.450067
0.359130
4225.174474
315.125090
435.507260
88.314539
353.319060
72.532405
333.137730
12.877229
3.922367
32.202976
13.574426
0.101406
1.445521
0.014364
0.010047
0.003129
2.266569
0.011896
0.011461
0.000000
1.323109
0.134985
0.295605
0.005979
133.098388
0.914959
17.705195
0.010108
108.849455
0.732411
8.028090
0.008408
6.821548
0.337191
1.092369
0.007995
0.052596
0.011761
0.019156
0.007689
10.980601
0.441179
0.022873
0.003762
0.272792
0.310266
0.034978
0.000000
18.585451
5.456899
2.991072
0.229188
21.499535
127.596267
36.145691
0.202864
35.347960
25.386705
12.474526
1.943099
1.018053
2.481742
0.706489
0.759311
0.167945
0.019519
0.009241
0.013852
1166.138729
9.160531
16.468361
0.044183
20.369734
2.812247
0.109864
0.001575
10.496231
15.250071
4.608285
0.060940
83.034421
49.690163
169.663770
3.091149
6.896240
730.083387
65.344381
5.819738
238.020274
46.962708
0.015783
58.667212
94.657892
0.882444
0.073394
0.221647
2905.150413
93.040925
416.798351
2.601527
1035.514423
26.400827
8.002306
0.007859
501.294802
29.671959
34.252606
0.034381
286.172932
443.583712
545.174259
5.006409
1319.532009
11.269772
7.083230
4.205673
5145.968576
7.257474
1.669864
27.208584
709.541946
23.511363
1.096671
0.432786
2521.114506
85.544675
260.381585
15.478195
50.180605
272.893226
61.571032
0.163867
31.628364
28.543985
12.403666
0.009818
51.432670
228.141675
1.243207
0.013379
8.364631
2.215036
0.058867
2.003746
41.453556
70.347544
2.868652
155.722672
2.102025
148.315005
6.219748
8.097522
121.056102
889.041008
612.099019
3.663208
2381.795107
1557.314561
105.707042
61.363920
140.908027
3.823560
1.536239
0.001461
9.660367
0.139627
0.546838
0.012581
16.243376
3.219583
0.013688
0.971542
2022.130364
7870.921930
19.671027
172.508701
218.150261
98.703087
53.919432
24.179697
79.612695
10646.896647
45.914117
0.650129
