1971.272904
23823.664036
84.916196
7.807929
454.791092
48.120706
32.883186
0.570429
2415.752994
3201.606046
269.313226
0.769354
669.374860
61.177572
14.467203
71.615705
375.728564
21.091383
4.451240
3.455353
8433.332996
223.266037
17.100721
15.860570
1751.263856
2302.010517
0.583241
8.889963
172.051124
5212.177764
202.199457
12.567479
22.691209
243.337811
31.487874
5.982144
520.931107
43.738117
19.261666
0.647601
341.640313
2.080325
6.201994
0.090847
82.137044
7.475809
4.942555
2.729508
195.874454
95.630548
1.635939
18.137010
627.032639
6245.508808
5.346754
108.692897
94.580870
1005.732377
5.102325
2.039322
125.194699
101.587879
7.123696
0.077974
116.493503
10.751996
14.042264
0.087564
2.510430
0.036540
8.385103
0.010300
1169.930582
1.273080
0.364806
0.021089
1057.188572
42.550687
66.757503
58.455299
78.632835
130.428607
20.088383
696.661752
0.022755
146.009924
3.649656
0.009987
49.652754
9.440420
1.539007
0.174825
16.461531
1.052993
19.168399
0.005822
1.723403
0.006971
0.152591
0.000000
36.484928
2.098349
29.656990
0.076822
62.750784
40.513627
0.824770
1.505110
5521.896242
802.276254
0.470487
497.390536
1440.745232
154.160172
0.016471
0.013397
727.758936
14.347464
2.342512
0.011356
27.132827
0.146095
0.413531
0.007902
11.983058
0.825595
0.046158
0.002430
50.972869
24.552356
263.139256
0.010139
313.662561
6.872441
1.818913
0.051944
1328.632742
340.434663
1.160319
54.625009
19714.456542
10.117920
0.013498
0.513047
104.073587
3.798878
0.256571
23.463637
163.153826
183.793442
2.925379
1.230098
141.099630
3.400882
10.305193
0.010287
2.287248
4.218858
34.787306
0.001314
25.576976
0.355336
0.319067
0.018211
28.017303
51.875240
0.197323
0.228630
15.106686
290.595585
0.012186
5.820942
448.915437
86.933897
4.435872
38.944262
782.308372
3040.075752
37.781364
75.270462
190.503736
1495.775844
301.651537
0.723445
1.004403
11.604048
55.723537
0.000223
3.019635
0.013172
0.018974
0.001543
1.461844
0.326218
0.004515
0.006913
