0.066173
1.645691
0.005554
0.161137
13.448745
493.028709
0.462407
14.724054
562.424502
5329.012434
17.644055
158.413424
3571.002447
2251.430792
61.543409
445.945622
793.099647
99.282524
2.038813
28.808893
3.969802
2.796976
0.004833
0.011068
1350.920216
0.000759
0.000298
0.002015
0.009829
0.009321
0.001967
0.002304
0.269317
2.110342
0.213806
0.109179
32.079004
9.265209
102.953294
0.601208
56.526473
209.299317
626.686096
33.514676
53.534373
44.130599
11.553700
3.485412
1.047508
0.188193
0.010394
0.015846
0.022573
0.012116
0.001351
0.007788
10.203618
5.960814
0.075964
0.093487
21.552163
12.034903
0.774859
0.686822
885.283868
23.305565
5.817607
76.767083
1246.020480
350.875655
15.731042
36.842633
66.179501
12.511699
0.368991
0.112193
72.897330
26.626006
0.432530
0.013261
6.557126
4.344964
0.019859
22.406600
246.228755
88.342697
4.378396
10.812383
202.982364
8.089791
1.321932
2.622622
24.980084
121.479700
0.015361
15.843924
27.688645
18.166385
8.245549
47.116335
3.613510
0.141135
0.011199
7.567191
152.079624
198.163768
1.454105
34.984803
155.209081
69.870673
0.039477
728.406578
7752.862905
1082.086848
186.313930
77.826105
399.305043
95.462631
50.474327
1.389014
3.300446
0.012260
0.031795
4.799059
371.128587
20.144864
2.572556
19.122914
2386.724028
4.716174
0.884762
1.948698
80.293983
0.504472
0.012674
12.338874
4886.531016
767.350813
40.922632
266.153450
602.212499
411.898919
639.774595
116.440282
64.194727
42.516185
0.967319
1.702322
175.833978
112.637213
2.221552
29.151009
292.844772
170.360886
38.891569
7.058753
134.499252
0.298710
1.287355
0.627558
17.379233
0.228790
0.011943
0.619102
1619.627682
533.950742
5.259882
128.269862
14155.377917
1804.624313
275.578413
496.414312
1555.560983
58.867533
8.928762
107.642240
1047.166264
2762.936486
91.989310
316.570525
3191.562337
4234.771554
1139.619522
9.725870
222.863247
236.213169
3.029653
0.224426
5.031799
0.474936
0.009842
0.009105
6192.438717
33.976139
38.038175
7.711626
