12.834474
140.865465
0.604725
0.007199
1021.378711
6227.103556
65.214688
1.603998
159.845419
68.735026
1.221038
2.522506
638.099196
1469.791881
5.483611
39.661210
25.449999
10.467545
0.013282
0.380615
0.046826
0.015010
0.000000
0.012666
0.000000
0.000000
0.000000
0.000000
3.626623
245.660623
9.744657
0.015091
104.323630
70.648452
6.132031
0.071598
284.389376
421.305570
4.402469
13.953321
182.306749
154.017554
12.434445
1.784841
1.441517
2.853531
0.200503
3.238319
0.282090
0.164435
0.001768
0.053599
0.000000
0.000000
0.000000
0.000000
24.165234
1245.114192
31.146838
2.149013
99.553930
48.521501
122.887954
0.006603
98.629589
28.383485
9.283282
0.781173
41.718575
1.518443
0.223247
8.603368
22.461601
15.313140
0.569459
577.063895
37.537111
1.033338
0.011784
0.516912
0.431142
0.017375
0.000000
0.024282
197.677993
704.844904
226.473398
10.859661
17.960768
20.304267
7.459275
0.000000
4.106403
0.104777
1.410705
0.029684
15.675746
4.569085
0.043458
0.892579
94.458086
35.192558
5.968135
0.746909
16.401651
6.562596
0.017189
5.289429
0.707386
2.248713
0.003542
0.068383
4915.453275
77.337697
14.759568
3.600836
54.699416
2.713529
2.061280
0.000000
0.644589
0.022625
0.037412
0.009769
0.407886
0.453187
0.003874
0.124535
19.385754
3.027423
0.039194
44.551549
336.716567
52.992706
1.000322
331.524076
30.234246
24.875900
0.012890
8.143388
15029.903085
84.898515
18.718282
1.867196
3.782158
1.254579
0.182886
0.000000
0.031008
0.000000
0.007535
0.000000
0.019363
0.000000
0.000000
0.006644
7.227244
0.839228
0.012011
0.328244
129.627121
62.095828
0.015355
10.744434
311.407614
191.112240
0.278676
7.620038
1770.977358
379.350266
4.200277
0.139303
26.447636
0.159712
0.283909
0.000000
0.000000
0.000000
0.000000
0.000000
0.000000
0.000000
0.000000
0.000000
0.137445
0.110692
0.000000
0.030193
80.500549
1.739878
0.010444
38.309485
4033.821946
2010.038000
23.128247
57.327894
