0.000000
0.000000
0.000000
0.000000
0.143803
0.031831
0.006718
0.000000
40.521317
1.654925
1.523271
0.000000
182.662410
6.976116
347.761418
0.173870
738.894781
277.447672
3331.578684
9.979196
534.894067
4036.543447
34.085070
3.836546
1176.525989
13804.076660
46.796984
5.825867
0.039242
0.729282
0.027227
0.000000
2.736144
3.135416
0.306851
0.000000
13.469010
132.525558
1.108592
0.000000
221.457674
1.213595
9.102451
0.000000
63.551829
22.762503
29.030946
0.000000
10.754490
4.554632
0.494605
0.000000
43.137332
3.715882
0.438314
0.003894
16.903587
124.437121
6.871190
0.087949
21.580137
58.806021
35.589902
0.010747
24.639505
8.497107
103.739327
0.003830
31.213681
158.128397
9.458736
0.000917
7.900522
1.007369
0.332112
0.000000
0.202254
2.014522
0.033234
0.000000
0.031107
0.024786
0.005862
0.000000
1510.662440
499.672956
0.146901
5.067534
255.196034
147.083064
2.196583
6.217512
122.320337
49.318811
3.068159
0.432376
0.807666
6.328311
0.669011
0.484717
0.029474
0.262568
0.015012
0.020201
0.000000
0.000000
0.000000
0.000000
0.000000
0.000000
0.000000
0.000000
12.672381
5199.760303
3.508276
4.121360
69.850985
1699.317752
1.922293
14.028016
53.816337
20.352332
17.763685
1.519195
1.685423
18.320072
0.083710
2.290331
0.890902
6.429732
0.047540
2.855797
0.261144
0.219850
0.002422
0.116657
0.042044
3.233113
0.000000
0.023750
0.724535
202.864185
0.019865
0.389367
0.947578
16.140804
0.019933
0.194350
4.090188
56.469368
0.023966
2.562617
38.741014
655.752997
0.059793
72.597351
4.961182
168.147781
1.279788
27.934964
2.697287
21.974654
0.145770
90.005376
111.039474
102.984923
0.003479
25.853849
0.003354
88.081915
0.000000
0.003464
0.018633
0.118928
0.000000
0.013014
0.595646
0.531239
0.000000
0.061407
14.916531
9.174270
0.007027
2.046307
42.186469
82.438337
0.014485
1.182306
307.956703
387.305593
0.017476
11.522361
847.768624
2552.918153
37.434370
450.010287
