8898.464445
1490.354474
30.595555
42.970376
1417.193789
159.262619
0.068277
5.664332
209.557246
2.176713
0.012401
0.063009
68.012560
57.469634
1.403079
2.967625
420.852055
1216.828756
9.181994
120.761998
485.020417
2029.566987
2.223595
23.250165
10268.189782
270.339707
0.018684
40.283844
2911.555623
641.961476
8.281538
10.762101
34.776774
98.840665
8.217587
1.844568
4.703097
24.993403
0.019964
0.135474
15.393987
0.339653
0.003026
0.017794
140.641747
11.542014
0.001654
0.290678
128.642782
253.216851
0.024496
0.535923
236.800005
241.021245
0.217193
15.016212
103.421077
749.724962
19.931308
14.413269
354.923150
77.558851
0.576814
1.417403
139.175155
13.498352
1.339533
0.012152
0.506632
0.011989
0.002973
0.004108
2.742076
0.089090
0.006606
0.019224
1090.985773
29.432143
0.046866
0.595310
192.561256
51.230497
3.493288
5.588579
5477.762272
1932.207586
5.112005
58.141720
47.614019
365.928781
7.572050
9.482498
0.021323
26.137944
0.944218
0.262808
0.020543
0.011712
0.006812
0.005052
25.301796
5.874039
0.020800
0.012357
12.945550
72.460521
0.193441
0.088933
4223.620246
1593.043035
0.913044
3.639181
179.538283
318.239699
1.543663
1.702212
10.368015
296.806634
0.831872
0.115876
4.053627
2.536825
0.011132
0.018558
0.431615
0.799696
0.716758
0.000367
83.059294
42.615992
1.083600
0.003911
4.535897
45.382417
0.258191
0.022565
107.796692
114.996787
1.303622
1.157272
6.638404
18.591009
0.014858
0.035144
0.028538
166.656399
0.018977
0.011046
4.136326
0.474162
0.164133
0.002059
55.200584
6.398964
0.768694
0.000000
12.742267
62.270408
3.949084
0.000000
32.321601
2.331697
2.039973
0.000000
3398.472890
1015.767617
22.404558
0.008968
33.427609
575.176597
1.024576
0.231021
27.858309
498.549038
7.359606
0.117737
49.617212
15904.084354
78.807127
12.489867
398.829740
5038.374868
821.469527
3.155380
548.979185
194.954102
17.368286
0.026112
97.083260
19.015635
3.101600
0.009743
86.037759
16.874339
6.127746
0.000000
