9.274822
12850.851703
0.004176
0.003401
193.248182
79.728634
0.014804
0.001954
6610.217630
488.679935
31.027547
2.138085
1818.281282
466.776477
368.831205
121.942782
351.679045
3421.222246
68.678882
20.887559
62.639112
101.270728
3.584866
20.098483
0.001173
914.629585
0.395214
0.003897
402.323316
4327.050660
32.788770
32.472413
394.360752
735.736461
56.281364
0.623612
44.361324
49.379892
1.001769
0.000713
78.171870
286.449616
7.980202
0.255013
14.858869
1681.736290
53.113548
7.292392
4.121446
98.464402
5.753911
0.001091
0.084578
1051.964845
2.501149
0.154786
9.848320
1114.688012
6.381175
1.890675
5.547366
156.626926
15.875139
3.073527
297.593800
17.743095
57.960317
29.057064
28.102943
2435.043494
1.633780
0.085695
5.314870
166.345660
10.603902
1.205692
243.661487
159.658664
210.636094
0.856465
19.422217
1449.454024
1.814580
9.158116
111.867383
507.247471
0.657388
0.003212
936.280295
184.352635
8.341979
0.002140
38.102822
2648.954669
83.684319
0.979641
4.300324
878.957843
205.866025
3.245186
111.201431
11.926244
34.025594
22.476707
421.688663
255.900337
6.061785
1.410846
226.149492
4889.055140
36.151162
3.887435
0.006236
114.380966
2.873239
0.001873
23.142820
19.311736
1.138259
0.001664
130.723769
88.636098
138.078371
0.310172
270.825603
613.351513
1584.882669
1.406550
2235.492073
128.546978
72.240708
42.947339
532.445223
55.427784
0.494680
170.485762
11.411147
664.435965
0.345198
0.279395
853.028988
12.547374
3.042750
0.004106
39.638610
63.574243
1.241358
0.001693
2.369155
314.187125
4.395797
0.151148
13.285298
16.179086
10.438201
0.004308
13.880575
343.270457
8.857148
7.026188
23.558787
27.436296
0.448013
7.713575
47.564502
444.246378
41.652722
16.984918
253.750604
176.904783
0.001628
18.279111
3521.194574
67.755416
0.001445
37.372940
1210.697435
16783.469624
3.499687
34.645551
137.236681
672.166789
25.908456
45.766970
2.012193
103.989787
0.814301
2.298066
15.599044
1419.145244
72.481406
5.059738
582.704033
7205.216334
219.685998
90.357835
