27.919040
4338.300569
0.418284
0.001540
150.003771
122.810200
6.428685
54.185750
128.981272
1229.324181
23.146509
54.549449
2324.031898
535.419494
37.440329
47.649273
3115.145776
1823.929378
4.933267
14.651655
176.882092
3355.152346
8.344794
25.989430
20.081149
279.484585
0.002069
0.001037
60.659960
10673.559668
2.008825
2.400907
21.756974
161.062897
23.891603
1.156110
0.001880
1147.763861
0.002678
0.002533
12.309268
117.124418
7.418181
5.670384
374.485266
108.027056
7.996822
2.721011
48.353274
1009.689652
30.957750
3.544793
142.935065
495.509563
0.001426
9.495216
1.582821
4052.722948
5.173274
0.493937
2.927127
623.494896
1.668548
0.172734
73.451245
288.014460
203.504449
0.123195
369.768538
35.028093
1.747652
1.463222
4.228634
1088.075513
15.052888
52.018483
0.615444
574.762469
42.071054
0.793913
21.562464
13077.785689
97.294853
3.823838
27.295556
6674.309447
24.331795
12.831669
0.555613
145.835653
6.504573
1.384858
0.001863
1932.696283
3.354198
1.332896
33.854837
205.562535
0.281882
0.227655
236.894530
226.433124
0.859506
0.178669
834.636854
68.080912
6.778935
0.325646
2.989581
2590.216239
5.792775
0.129840
80.994822
5096.892367
12.241410
0.703132
2.805489
101.928205
0.002141
0.003373
14.408931
473.671885
6.307166
1.032523
64.192614
5.331314
0.393085
0.001358
58.876707
112.717385
0.064604
0.958106
17.737901
43.260554
0.001169
0.332021
71.879057
746.396287
0.001047
29.796030
354.354454
703.811587
27.472183
18.803593
9.612208
15.939750
91.386627
0.001347
17.472427
1526.974296
13.735614
58.469292
96.767889
184.107626
0.001501
1.920170
198.884626
1632.333325
8.857526
18.062599
87.794326
248.867885
0.001800
11.301655
45.600060
3499.338747
6.110268
267.798752
394.235009
15998.497713
13.470056
40.088211
640.981357
340.499410
0.001277
30.290939
173.722343
878.580798
99.554676
134.511397
118.875634
7175.243093
80.870430
9.896446
1602.002249
67.187193
2.104125
3.101524
439.441578
1298.762315
4.564278
9.113109
414.797526
8282.190597
10.698378
355.477012
