26.596918
1154.657910
0.661667
0.499885
854.388672
42.181478
1.769036
1.366617
8674.497254
260.041313
2.224869
19.467166
2130.258592
726.826671
68.931482
36.629573
379.654972
32.603682
167.965110
29.094275
119.874853
5705.592347
8.646428
2.822383
126.492305
2442.563133
0.075427
12.368496
0.928495
3474.625848
41.037012
46.241503
6.957199
151.216827
4.405020
7.151252
164.287227
368.252915
4.958864
0.792686
108.732032
279.505843
10.773159
3.053625
33.527446
837.665218
30.439734
0.832869
26.043687
43.773719
8.962143
0.574002
24.231072
2608.973912
14.442811
0.585407
347.120043
24167.503610
6.414019
2.698559
38.496092
453.679675
8.910293
0.284445
89.799579
76.414421
10.351054
0.304377
228.487038
422.273103
4.304075
0.007479
2.095654
3.531304
0.178565
0.013819
0.186116
15.967863
0.418979
0.010330
0.130735
1042.343888
0.008169
0.005938
217.440690
116.069452
0.007300
0.248656
1276.871107
81.683864
6.784333
0.014469
212.545731
614.054725
56.696037
1.860085
5.717875
1502.849487
5.461984
0.149166
0.164880
16.409749
1.136966
1.456436
0.006984
181.680021
0.010942
11.145450
64.187758
189.493059
0.006326
43.271390
10.089569
3137.932403
7.676115
1.413211
136.130286
73.271400
3.948780
11.435421
12.233806
548.507485
59.001729
21.405233
0.103365
51.293751
8.013751
0.017984
0.009258
1662.300085
0.739058
1.081470
2.993006
17.357656
1.577368
22.475118
4347.347586
251.243589
0.004274
110.432831
3.801837
73.382228
0.014190
0.007742
2.602024
162.493974
0.431680
1.798185
27.716134
61.973733
0.364655
0.002890
0.225546
2.087091
0.040656
0.007409
0.815420
133.216825
1.027290
0.009029
34.228878
86.975930
14.861802
0.007541
6758.772009
671.296068
18.145687
5.309294
52.288848
496.788526
2.585425
15.332990
21.902486
5020.136465
31.087880
5.982116
276.328117
17097.257196
53.663788
153.358052
13.074655
92.047955
18.626780
78.970132
300.824880
1427.328775
976.839379
4.720136
16.982264
175.121305
571.521581
0.008336
25.316772
100.481877
539.343994
0.006740
