3046.612881
7885.629732
7.176271
230.504666
783.772045
2884.726759
0.112205
145.275435
134.296306
67.531148
0.250538
19.583391
139.906312
378.030238
3.303480
0.168102
1716.707501
17.414192
7.065189
1.400520
626.898468
861.242903
171.217288
107.045585
1004.277758
8635.656995
62.293989
13.535099
442.553026
2701.149529
0.355422
101.009937
93.614781
1374.298971
10.997004
963.533084
31.132619
166.039502
5.053195
34.904224
0.026517
21.258607
0.692705
1.541267
245.336320
96.324494
12.176010
0.006427
12.477469
3.442915
0.637436
0.007309
5.797266
206.749747
1.219600
0.006628
9.275805
322.069676
0.512482
1.360745
71.006309
61.735808
86.159283
39.387786
611.246568
119.118511
112.158481
6.393916
341.763686
722.501680
503.404988
0.003646
53.423210
369.225894
5.425810
0.011645
2.823147
15.888421
5.905708
0.224107
11.567830
3885.232230
8.329077
28.372229
64.422034
6003.334220
6.661841
3.880969
26.953375
15.654557
40.039219
0.616299
29.130453
241.184612
37.508142
0.393586
58.834890
330.260417
16.739232
0.785514
33.531030
1462.758051
2.595576
4.272085
20.640217
147.866217
75.163720
2.279944
630.459331
4323.167332
72.405969
4.530935
267.841525
2015.063242
194.239937
15.068533
6.861853
1.742520
80.296396
0.294158
0.132589
32.920183
10.425343
0.049536
18.034895
125.868035
0.907552
0.093107
43.160740
461.291494
88.899307
0.072377
304.232669
47.540699
0.580864
0.418755
87.872396
1192.001829
2.728472
0.004741
4.645989
537.236851
8.924080
0.005765
0.002889
3.816598
0.044114
0.012152
23.380279
22.402334
1.310718
0.006022
1222.766358
158.275723
11.821260
7.641578
1752.399669
35.916013
218.424463
0.857227
25.587612
2.987886
2.301876
0.006707
0.186781
41.363282
0.983996
0.003211
0.011637
24.363912
0.004215
0.005659
0.327981
1.201449
0.003862
0.010192
14.058393
408.823020
0.002907
0.007812
51.364651
190.658973
1.962605
9.423131
56.350136
9953.619230
1.889886
49.084664
185.250262
2423.925761
2.144390
275.229571
702.636412
17112.224764
237.128410
116.745559
