5273.875269
868.849414
0.610744
0.055919
3716.245114
68.025417
6.535186
62.502324
9588.284625
20.135789
26.809626
5.488381
1303.822241
5.733972
24.311759
27.362876
1146.473459
175.491044
225.412488
35.692928
4769.235561
22.323400
24.476483
1.040657
30.305369
0.005511
0.003931
0.196453
597.268673
241.062372
1.999196
0.007418
1552.047961
12.663041
0.268189
25.183598
303.023427
79.235306
0.001280
8.672083
433.350694
1276.918668
16.125202
0.510265
150.549683
6.157617
106.414368
20.528806
130.181564
183.025024
12.212646
86.342982
0.005435
93.207123
0.002154
150.857766
3.354110
10.087274
4.112284
0.882340
43.912942
73.744981
29.283705
21.204326
90.285656
146.022494
49.386163
0.606246
11.376239
216.624100
71.396354
1.661051
732.789971
38.504123
61.775639
1.384885
13.688257
2529.248957
0.002346
6.031291
2967.786004
8.224564
0.002884
19.560318
32.517159
48.255973
136.892485
1.936207
116.837784
120.922665
44.753769
0.031809
579.449555
5.858502
5.220295
16.923051
1217.581637
294.231920
2.596028
4.194357
7.973128
1.794821
0.368955
0.006376
442.258484
0.796752
0.094055
0.292324
790.925815
238.210818
1.504152
3.738379
6455.577332
307.369865
52.027025
0.003971
972.307566
265.528246
8.977321
2.242119
47.424523
40.773477
112.187973
190.020252
99.374268
171.748992
68.907729
7.793239
13.018365
1.693482
2.354949
1.150492
0.005170
0.003447
0.012121
0.003380
2331.355933
11.432340
1.273270
0.433514
624.691169
1947.047279
0.697502
86.982710
4.622783
375.008722
55.379711
2.921977
159.196376
75.812033
15.484792
0.675090
210.172724
329.230692
54.396075
45.627776
140.623519
9.542148
0.162128
10.837486
32.306372
0.122876
3.999849
0.005905
4.784050
29.812141
136.383091
0.002566
19110.883138
285.828142
17.279918
355.380928
504.989938
407.120859
111.154522
101.836953
18.448994
4026.878809
0.000488
7.069484
1816.483640
58.962041
14.037370
472.039628
196.360449
34.348369
60.716088
0.823826
1508.005899
42.353097
656.019555
3.244983
8332.657497
361.666662
538.749274
0.004050
