27.356741
234.778649
0.263422
0.230603
450.508274
1362.163214
2.551999
17.736501
2252.959122
87.715063
111.332279
41.911567
2079.443566
706.373344
243.254430
0.777208
318.749298
1863.683666
200.168900
2.659345
31.796518
102.422823
10.406901
0.001503
0.327921
3.020588
0.002130
0.001710
113.866800
7154.210269
9.921809
78.146271
12.767898
279.462647
57.357185
22.954029
84.567759
202.274965
14.957753
0.037798
19.856703
615.237298
58.223176
0.122818
21.029131
539.379852
46.557960
0.133606
65.846214
2475.053302
7.846450
0.001289
0.003389
58.869217
0.220128
0.005131
1.621409
8202.407943
11.760264
5.641174
2600.321018
408.021838
0.969876
0.002095
122.097846
106.159661
2.612564
1.401964
73.933421
1231.165033
6.277689
0.008945
93.633079
38.929554
22.595694
1.036701
691.173396
250.324859
14.091185
25.372649
11.026225
5.000240
0.512149
34.880162
0.721217
125.081325
18.446284
0.003592
1.069289
4.116692
8.659850
0.531686
1.283918
16.737043
4.587190
10.164947
35.417127
347.309360
87.088331
0.003489
376.753122
131.896391
102.883599
2.073987
137.779531
230.957344
4.678431
24.589112
4393.729806
1470.138671
0.002910
726.651145
393.275107
63.518614
166.965384
0.004680
6.760807
3.213205
53.722219
0.005831
1007.256793
162.920977
0.002861
19.316628
746.009394
174.812269
11.974396
3.783282
6.413812
5.196363
52.680125
0.006450
0.661478
0.003493
0.424051
0.096624
147.226430
29.543165
0.012640
45.131530
4744.934758
299.009772
3.629625
12.547211
128.367451
186.914087
60.081434
2.238798
42.514807
28.881781
26.390479
0.570695
443.400334
429.502913
80.460393
48.903298
8.309099
253.434987
16.643695
1.253755
13.157319
15.504923
1.845877
0.001265
357.521974
67.665276
7.082685
4.031437
14281.095494
3760.705009
1.802554
1703.968032
535.929744
505.024098
145.834618
20.470802
74.785779
2875.818551
8.902817
0.876296
36.697640
217.884705
50.198820
86.603014
1604.635701
33.145527
43.006763
316.924635
907.098004
1160.655227
789.785478
3.070432
10232.132680
158.730340
941.596451
0.149523
