7261.347370
1235.879284
71.703502
94.445722
1940.166705
112.922836
4.259563
3.838172
72.801140
28.494548
1.621070
1.917313
27.778087
1370.566523
323.162122
8.917455
540.770268
17413.259036
12.907694
1.329472
222.186803
298.427317
37.999843
16.079354
702.750597
6033.679524
13.648585
25.723257
1052.644546
421.226827
44.142021
10.898244
343.846303
5.719086
2.428671
0.204992
150.920307
4.208919
133.796521
0.016410
48.427347
1139.673676
9.582836
18.278133
5.712071
24.930501
11.514949
48.018520
56.413572
419.073359
4.615143
2.646929
110.145039
3149.040665
22.812154
18.950289
30.979603
32.006322
6.198058
8.126208
2.332826
0.010288
0.082979
0.130426
5.599722
11.126066
3.595240
0.005966
43.471923
484.391494
120.414361
0.906866
0.325523
1991.700393
0.679633
0.015695
17.307358
20.102893
1.374531
1.123527
24.461429
67.516592
0.593667
0.509141
400.290172
253.151667
1.922464
1.541622
61.047803
1.077058
0.013974
0.720042
8.709336
0.376802
80.527548
0.007686
0.810021
33.466272
21.216841
0.010749
3.076872
64.568835
0.010740
0.595018
0.019198
6.924182
0.004429
0.158418
2.562799
192.117794
1.232838
0.009855
0.118845
264.199720
0.420422
14.851067
12.388376
3.358549
0.005300
0.395636
0.221298
0.008656
0.036932
0.286496
604.842766
85.219588
0.007410
160.109209
873.289441
912.508081
0.877988
14.314685
0.074175
27.663147
6.820254
3.517097
98.204008
184.808524
5.082630
6.508091
168.107932
90.734440
0.787414
0.003058
16.841998
3.246775
1.023805
0.471213
70.419834
2.084231
0.009883
8.034273
79.986848
59.394746
0.010417
49.480363
216.141925
1551.361561
0.004793
2.902730
9.412482
243.386369
0.007207
2.381368
356.027794
4184.135361
115.195389
20.646020
13752.655531
627.798084
52.794496
156.643882
3000.962971
378.844839
7.433639
10.356962
31.925384
1.997317
0.004169
0.137008
38.715643
501.048881
0.076561
1.701691
103.483496
3751.325005
0.005836
40.971281
178.622694
15.202358
0.006983
5.150668
843.053308
25704.309333
33.996824
139.965022
