109.072214
12123.023098
90.892869
95.271026
847.040138
2589.673233
15.331450
4.298213
747.615877
10807.355551
501.581655
46.837234
2258.649608
198.036508
138.633724
16.163509
677.611972
23.662893
2.485485
9.287429
2957.905357
118.910503
0.753051
7.677915
80.641923
106.768390
0.003615
0.020460
2.904491
1304.103630
21.268526
0.495961
0.447819
220.163788
2.358489
0.426771
281.559890
28.280465
1.459224
1.004456
589.872438
8.901665
0.016393
0.130175
188.537261
62.904700
1.908757
2.508919
469.122031
33.536227
6.553751
51.767889
4231.485113
430.989763
3.851574
1.158799
0.245567
366.475608
1.010815
0.003114
203.818859
0.004847
0.180488
0.002617
995.284491
237.372778
3.806996
0.009060
76.108133
0.526840
8.081502
6.667542
17.762016
1057.685700
23.106672
1.703440
183.360034
40.601368
29.640090
0.674243
565.828758
9089.894312
114.514281
66.637022
97.895927
42.525975
35.994651
0.079708
21.865929
1038.508273
9.869925
0.009345
69.252834
37.894377
14.530004
0.005051
71.779919
55.678448
3.102653
1.609599
86.715370
353.691563
0.285154
29.860945
44.087228
142.811133
10.456232
25.358218
126.435169
5658.334396
20.362145
165.343804
3581.074459
2548.016349
227.799657
3.241812
1575.736286
339.683529
86.321534
0.644382
12.145640
8.274423
13.396307
0.004345
606.776797
25.080238
2.812337
0.003090
386.630802
121.738709
0.011237
0.340795
211.069180
7.496835
2.040792
0.156290
176.511315
444.514117
6.049737
297.435178
61.544089
614.188687
54.251820
149.889624
1.537154
136.104817
101.813063
3.627111
56.809111
12.995018
14.755369
0.003715
4.582725
0.004408
0.005598
0.002050
4.703013
1.318143
1.205024
0.005162
32.301767
7.015309
55.010561
2.290270
44.554208
70.082732
5.545336
17.341803
16801.430126
1975.965143
20.602479
1145.175512
274.150747
3053.606897
338.038115
18.078247
19.665477
11.492562
0.008720
0.379173
526.428395
153.790565
48.742351
0.007487
8317.023367
316.413719
1371.082584
5.072207
5134.660907
11.822653
34.472193
0.191175
1441.995821
0.862393
0.004588
0.092889
