12.390390
1420.155817
2.245915
0.003708
582.337547
24.988684
0.442114
0.089940
5338.433828
735.323811
47.958533
19.270043
2925.747536
311.021557
88.153480
67.441741
401.390926
2481.139399
5.700774
0.224108
41.355843
11.944877
0.762467
1.192430
0.967536
125.470938
0.006588
0.003165
145.853312
8248.420873
51.115496
45.222281
0.607804
100.632383
6.719186
8.042080
136.938049
40.027394
40.862030
0.317313
362.463120
216.611451
1.784237
0.003569
56.745683
788.877403
108.939918
3.371300
5.302933
161.035787
2.991366
1.484434
2.242032
2303.845521
7.061303
0.044653
14.144116
8711.118638
4.520417
2.058124
371.291880
176.677135
14.601317
1.208482
122.545212
84.352748
0.663377
0.046539
74.283857
295.690301
32.375275
0.004378
21.656033
1262.798842
3.175061
0.065813
0.370987
26.084362
66.324182
2.451156
23.748185
6877.459435
5.491294
15.149739
13.009911
631.636225
0.001941
0.009075
837.926619
117.935784
11.017565
0.005659
116.790454
3.603471
15.595456
0.003192
3.727406
514.649449
20.863888
0.004226
33.243859
1237.057517
639.715525
2.700150
1.540781
109.797065
91.361186
5.040993
53.540655
4366.458893
4.570123
78.823365
164.416317
8.345133
0.179440
0.001467
0.099844
16.890408
0.343314
0.002750
56.278829
24.011516
0.748439
0.191985
187.965110
79.864801
0.006085
1.036837
3.860612
350.312635
233.874191
11.442888
0.005754
29.040453
0.108064
0.545401
5.105020
1140.429862
17.932950
7.416164
703.891343
277.005759
0.842134
0.004191
9.500783
63.355853
1.313819
0.137296
5.940071
1.992765
1.835565
0.008563
37.457647
210.266245
0.495006
3.901221
470.210179
237.896039
7.178723
155.741776
11.178430
9.816558
0.002773
31.598277
96.699275
1861.421547
193.219919
37.146750
22921.751367
1038.317769
30.012542
23.575566
3029.561552
249.293349
28.088590
8.860401
2029.690068
71.337524
2.182560
38.223718
432.996644
22.483793
0.003469
6.125794
20.164050
446.822698
0.233304
44.145687
47.242955
3721.587787
13.440714
226.520379
564.143972
21218.783371
147.554444
971.151749
