424.930587
51.304592
0.391130
0.002338
15135.954674
660.346929
0.002557
47.740900
2048.309856
216.712483
67.255197
79.983209
756.797502
2.852328
4.717500
0.300972
39.112652
231.982846
0.940060
0.140691
162.501721
7.360569
2.298610
0.473234
683.093973
25.946139
0.059637
0.002014
416.244220
4260.775756
28.369898
2.675077
282.044014
92.280115
12.195796
1.410378
345.929648
1.911629
37.860653
0.000914
5.940709
6.369052
260.325547
3.077709
10.795960
100.050135
9.760183
1.055457
23.218876
3357.266604
1.704725
66.877628
3.757933
551.904838
0.200891
0.002741
8876.448454
2381.290812
780.944293
55.331555
2666.835178
338.316775
30.326487
14.914172
360.719823
55.259265
58.060676
0.411667
326.248434
176.475536
923.564305
0.308046
0.001758
1720.000814
22.651713
0.151420
463.293521
8.009293
0.667846
20.299360
10119.190724
146.506932
16.119649
458.683930
48.979572
592.392624
72.132535
19.565522
44.585616
1.987024
854.197735
2.549206
116.044765
27.792461
136.588492
0.093148
114.246746
11.462125
34.681746
0.000581
17.823458
8.455157
8.959149
0.001594
4.451408
288.716756
1.149740
0.001037
4416.132243
33.340246
21.818011
122.387713
87.123913
6.633019
46.481229
0.001689
61.102743
13.673766
132.543988
0.001302
29.544299
7.827340
14.699554
0.001220
739.715181
5.303087
3.398160
0.001148
196.052135
81.271979
4.207784
0.895180
32.509732
689.921624
11.096707
74.631127
238.831864
1069.542573
9.297340
105.327894
1390.939445
516.339611
91.133493
1.328685
185.559068
207.295856
0.002024
1.643768
978.854754
1.573147
0.000892
0.001538
17.139551
0.001650
0.574189
5.004423
1369.290846
26.297857
130.811427
16.427778
307.630943
1120.228177
5.479941
15.313243
1438.483487
125.293379
142.319296
165.097283
5558.060376
572.568639
222.214808
72.917077
1761.427506
40.020807
6.992142
3.659249
5888.524363
12.912554
18.808002
108.555309
2546.309703
97.458095
0.718292
23.842036
3381.123858
836.145945
41.356127
270.813822
52.323912
399.904029
9.888635
41.930879
7341.654897
1650.737937
244.455210
169.944814
