14491.023733
2247.759954
25.010520
3.300984
1378.123742
35.460504
0.595619
0.290311
0.406516
0.046046
0.002772
0.000000
125.402220
3.457535
0.038512
0.138418
466.830137
313.561174
6.731529
29.268270
2025.272191
1025.557948
1.467959
202.830270
17992.756300
167.519392
2.907085
1.099767
3226.363662
268.613036
3.335602
19.473858
17.242663
14.566155
0.110641
0.354271
2.329004
0.008450
0.005025
0.007334
0.320478
0.018144
0.000000
0.018939
52.815496
12.054395
0.013877
6.500312
33.464159
44.548891
0.181216
4.202226
21.460818
51.136577
0.003036
66.628651
567.776648
231.202445
9.574477
10.617162
136.400426
2.670455
0.008390
1.235245
0.822408
0.025355
0.000943
0.023296
0.015227
0.001039
0.000000
0.001179
13.253140
0.207836
0.000989
0.265399
16.901294
8.334372
0.029410
1.469132
76.254186
103.609046
0.496453
72.904927
156.068375
128.224473
0.892872
4.689793
7.281229
9.226010
0.018848
2.187392
6.916067
0.239921
0.007615
0.214880
12.697535
0.011923
0.008431
0.002479
0.025782
0.012568
0.007155
0.016714
829.615641
8.867494
0.009661
0.528129
526.191403
322.630327
1.733598
22.515226
11552.150924
27.072535
0.016698
3.099383
87.122740
18.090502
0.090966
4.961282
62.392726
1.187833
0.080492
0.670476
36.970957
5.523161
1.045756
0.018854
90.697704
0.020714
0.540917
0.004508
8.092096
0.965336
0.062033
0.036262
5294.702220
209.224490
47.707133
38.300325
15.215681
30.603504
0.019301
0.725245
56.903037
93.154359
0.456619
4.054216
254.882249
7.821103
69.908875
2.582206
708.653454
2.387631
3.829453
0.102740
1.298718
0.015721
0.011807
0.001312
34.895339
5.134862
0.816653
0.017021
3016.391549
333.595107
11.106012
0.161573
59.352181
80.136901
0.109087
31.630160
1214.735776
417.129317
11.336184
885.663357
930.363681
2463.800121
116.756693
371.712556
107.519731
195.048246
43.386991
1.664029
23.456149
0.038324
2.090822
0.000000
160.099703
24.325321
1.900108
0.014886
21709.841836
1618.232366
15.812923
5.713819
