14.268392
627.418498
0.003838
0.138002
174.511670
5.299051
0.687385
4.298966
1823.078228
1355.510840
20.245910
361.016610
15520.146890
205.301150
2.334864
47.032665
716.003547
6.883248
0.466740
0.504332
16.504400
25.226415
0.179999
0.011129
22.121970
1.939249
0.009034
0.780990
21.740732
339.072212
1.481480
0.011762
37.145121
571.513479
10.100810
0.060608
66.603341
19.007037
1.318753
1.609028
92.487257
0.256912
5.032423
42.388499
3.662945
27.994701
44.316453
0.367923
45.186223
214.687977
6.294650
5.985597
1152.953199
96.787511
0.004080
57.046564
950.047059
5043.886951
193.008215
64.164340
99.276851
455.708711
0.595002
4.848283
2153.405423
125.041276
9.002962
3.354431
285.946836
12.483590
116.352774
0.145291
61.929264
309.469516
505.422409
0.002630
0.462927
112.197142
11.074421
0.183261
11127.346627
1256.858434
8.811539
109.102756
4295.280479
6402.726524
39.948606
30.895843
849.560383
515.848387
20.480879
1.751502
322.729920
15.834886
30.365997
2.016067
261.964239
47.667486
32.773639
0.009251
11.882752
7.863095
0.010213
0.002630
5.697858
159.947805
0.017861
0.104078
3745.209137
143.263538
2.632114
0.005262
86.611915
165.353978
80.368767
3.088104
240.333315
54.077809
469.814086
0.517705
642.297716
22.532565
9.875985
1.036813
74.200101
13.518027
3.530281
9.587276
75.405695
1.282754
0.016256
0.008383
1.193438
0.886225
0.014254
0.003967
384.493768
26.751274
52.622913
3.014793
170.099006
1133.183852
12.641423
4.030655
17.800489
136.453060
58.988348
0.326249
71.709591
34.395506
18.091834
12.314608
679.536935
1.407970
0.005160
2.175658
3.157398
1.097322
0.022203
0.003218
28.662527
14.896886
106.777589
0.009055
65.850603
50.986577
400.475811
0.334056
5779.783178
1949.376098
148.804327
2.218149
281.341343
232.051628
7.467456
5.443852
3217.872692
421.383449
68.530641
13.823890
2586.752909
82.598112
4.247986
113.574772
745.240287
8.331073
217.049352
0.691911
1397.765674
804.251070
2356.690492
31.209467
7047.934038
129.459250
38.125489
0.003464
