560.589110
18797.914818
284.531755
78.666990
92.984565
736.193247
16.514995
12.307488
214.973696
89.686694
470.801255
3.793452
1300.757319
5752.952513
371.502779
84.149809
231.511913
109.617511
117.596035
2.460742
330.192374
3727.632441
3.482254
3.873750
9.935329
20.004136
0.071837
0.044289
53.639194
6995.668268
12.543518
15.985626
19.648179
396.073298
14.566127
0.005558
32.591987
50.815283
8.072210
1.335992
293.375271
8.706262
25.071069
0.111698
69.947066
204.372630
23.206326
0.009258
26.165486
2.745359
2.309371
0.096066
0.008270
1.018498
0.004869
0.115187
0.010832
136.615638
0.458956
0.072381
34.351789
37.063247
2.888860
0.006358
162.035304
892.600186
1041.913025
0.005736
64.375683
5.205022
6.277507
0.242701
1.657908
460.559701
6.888937
1.733083
0.051706
22.391803
0.382802
5.129679
0.196024
13.324292
0.008826
2.545466
31.607843
2104.277615
28.822802
0.760790
27.265753
71.514379
11.355348
0.015821
8.371849
238.164661
9.548726
0.695072
4.276810
54.826130
122.962868
0.154718
0.420189
486.384491
3.556761
5.436308
0.598232
138.774938
0.007488
38.622834
2986.790324
1873.095167
7.596511
189.242583
184.686504
1376.835399
186.578205
6.664231
5.851149
317.857830
11.578004
0.038282
0.913356
28.385437
0.666699
0.004900
0.177250
2289.677049
1.788544
0.004496
0.005547
2.027581
0.009267
0.328608
2.936842
60.288897
0.133617
1.075177
115.264397
1129.013377
16.973640
42.538177
39.888980
680.795198
1.296463
17.354212
0.564676
148.445306
2.196943
0.906823
0.021441
5.761690
0.007624
0.233195
0.020519
0.465363
0.012366
0.010472
4.580267
11.067453
3.265649
0.003851
261.901163
146.458927
4.848172
0.005860
9242.767017
65.181638
7.796049
0.369457
46.302412
6499.635969
1.318538
9.203298
140.417236
98.519522
29.434257
1.557094
58.738936
21979.464999
21.929364
434.418341
132.369094
1503.665267
531.262622
69.537247
76.504810
625.112450
917.705232
18.745718
35.590351
57.847928
361.625806
0.287094
47.874169
15.013379
45.254528
0.003573
