34.175944
4236.884214
0.005975
1.177717
184.247672
46.516496
0.058835
4.141816
15014.211013
612.215864
1.395116
79.426093
2433.334220
1604.128602
19.221422
145.675112
236.946788
110.755552
11.067945
2.941307
264.161439
9.968059
0.007531
0.324875
0.010629
847.061844
0.283161
0.005375
9.591443
4691.778771
44.567379
21.200912
0.236222
218.880860
17.473027
41.078469
5.782867
397.383230
1.981478
3.791367
150.558209
872.795351
0.008787
6.021041
132.043210
1479.057249
58.323945
49.131347
10.157145
490.821119
0.887587
3.465825
65.937261
107.604081
0.005703
0.703544
172.519092
7549.109911
1.554124
0.937125
71.854167
61.472529
1.093665
0.006176
372.354857
780.151255
12.073829
0.170621
301.554999
74.989069
1.766536
0.203121
260.940045
1014.407216
4.934200
0.005314
5.474273
27.113349
0.527033
7.944725
23.350708
2050.483879
2.799233
13.186076
30.382923
1827.459266
14.174375
66.723451
8.835184
338.791156
6.476414
0.599331
106.061584
55.964324
18.079149
0.123541
37.080040
523.514226
1.569204
6.876335
10.883020
5533.397816
43.425599
22.684548
39.812540
83.089037
6.252419
1.685916
747.965949
2238.211017
121.813603
6.995042
180.175104
8176.530777
0.365727
13.376484
91.754963
1373.015864
0.122907
14.618486
54.908214
278.512235
1.870066
4.793171
25.796977
677.300912
31.439482
0.807656
0.499046
2688.742650
6.579114
0.415641
5.176904
28.880320
0.271098
0.008068
3612.172534
97.052429
28.451289
334.734633
16.622285
316.448227
0.017032
0.013719
15.226635
88.459191
0.002692
0.014048
156.486321
8.234379
0.667823
7.486461
239.712604
14.973095
0.182004
2.172742
41.687916
3.111804
1.945460
0.007162
33.570615
480.933655
1.327111
0.004466
3495.961416
596.506381
225.649255
22.014466
433.764548
0.007732
0.002516
0.005840
93.674206
2.905137
0.008134
3.344452
1960.645728
24.467107
0.432710
18.253636
1065.373466
4816.288490
0.079191
50.424776
16.195833
571.820015
72.287977
135.846757
160.382737
4.310033
114.083226
0.004177
123.583316
19015.981624
1108.680252
2.556626
