11.767688
1754.607859
2.800032
0.930042
7661.316850
102.633788
54.385297
10.009731
2250.946627
466.027018
391.795485
36.977743
372.232169
2103.650786
14.467459
0.779025
85.007246
1394.514785
8.752251
6.988093
634.372529
6.502799
1.151854
134.033604
4.379475
17838.536125
35.798937
5.850936
196.373943
4073.124861
38.273765
45.456863
101.022920
149.836005
15.514931
3.341200
60.700715
780.321159
30.361604
0.001713
16.347527
119.567344
18.844826
0.209588
56.509412
75.929497
0.000675
0.000985
11.323013
245.171491
1.828804
41.241349
90.914174
5579.579817
0.002038
225.853449
673.671469
11973.168247
3.166688
4.110494
192.939326
33.274015
50.015476
1.210192
207.407154
315.451094
0.610517
0.000665
2.952475
818.717810
0.001653
0.000853
15.321217
14.327474
5.437524
4.678880
261.800706
2895.381618
77.885542
120.635688
300.763164
3344.510442
23.679736
341.677659
39.789001
385.506470
163.228580
1.008619
1908.581851
26.517608
95.648163
0.051989
2.311182
0.105828
0.131808
0.002029
126.521554
116.946775
0.276805
0.002690
739.689687
706.563081
0.001335
9.119221
1661.489189
46.382898
0.761061
7.862466
3848.268994
1132.925300
0.494558
0.002227
4622.618597
273.926742
10.639189
0.653495
12.852556
27.896152
3.112532
13.253194
4.932959
86.153729
1.465976
0.286282
0.001499
3578.204975
5.686662
2.243344
43.459103
12.648677
0.396234
143.351861
58.314126
81.191764
1.624027
23.182619
6.812670
942.343604
0.208043
2.613815
112.088193
178.650539
0.417879
0.001769
503.116851
17.584534
0.158988
0.002306
4.034916
9.299026
4.950270
7.562833
240.600480
933.569777
570.163124
33.149282
34.761326
532.326089
17.861143
8.575828
104.559142
173.224461
20.672958
74.740171
367.226633
1283.225345
1.690040
184.913120
1587.127219
0.000557
0.002219
0.001263
61.761877
64.543057
0.438467
31.590833
2319.109821
1003.700563
1.457892
28.146531
584.789157
9541.274724
94.629329
50.940127
1437.941528
2704.466267
219.643426
20.194190
856.169032
280.210793
21.600378
24.934782
330.076263
6745.875637
3.706235
67.816120
