46.416239
14467.917125
1.371997
0.088908
300.367166
80.327986
1.595586
0.049671
178.746183
1.910831
5.243692
0.087992
396.278039
2702.600299
0.381225
4.087529
806.961940
11.601664
0.219833
16.859633
886.643348
206.634981
0.050619
1.532639
237.968022
8791.077347
0.000797
16.188252
116.506270
5289.980407
11.088423
0.618407
25.583553
294.592645
2.488655
0.035179
10.616531
23.656201
1.162760
0.152680
17.389200
32.780654
0.286035
0.277769
39.424589
1140.939630
0.449997
1.471208
53.362531
88.323539
0.020784
20.700471
66.477791
362.520139
0.114865
8.521554
1862.859922
553.590144
37.728143
3.480932
6.284207
109.817987
9.586922
0.029829
3.115596
12.349202
0.755545
0.005967
1.088609
604.823374
0.143292
0.003328
1.019267
1.240200
0.017346
0.112929
1229.102203
30.992456
0.049906
3.634751
7.044754
386.230009
1.804287
0.953155
254.208525
197.370269
0.843918
5.701082
2.730802
165.850236
43.844970
0.006975
0.096413
4.654451
0.187916
0.000000
0.014439
0.020150
0.014146
0.000000
0.078720
0.334196
2.647914
0.000000
7.519060
7.742918
3.240596
0.024630
11351.510927
64.633453
13.367125
2.287108
9.267354
57.151738
0.153310
0.585446
0.012159
0.239286
0.021526
0.003712
0.003659
0.011722
0.010045
0.000000
0.028901
0.038532
0.537393
0.000000
26.027471
18.008757
7.962684
0.000000
130.879690
14.949476
1.715230
0.000000
70.580822
44.858928
21.717238
0.005660
0.008237
0.713195
0.001061
0.000000
0.016341
0.010536
0.005058
0.000000
0.471958
4.330331
0.734760
0.004166
29.727279
3.402623
0.961662
0.018608
6.400500
60.169162
94.982429
0.006252
138.788180
0.318003
86.154231
0.000000
26.798883
10.146232
3.906286
0.000000
51.082455
639.612476
0.005429
0.004618
220.063974
4.850511
12.783843
0.596900
92.603269
146.152538
273.810967
5.838789
1723.142450
3837.222396
108.054677
36.453946
942.850136
482.347265
778.995481
2.104942
143.786328
53.612132
38.875880
0.023790
19.304248
17.148367
1.263750
0.000000
