59.656748
23.276173
0.004210
0.119408
324.126160
281.324338
2.114952
4.140055
6456.489520
884.398183
89.996237
131.231401
2621.991464
38.337320
4.672871
101.519128
192.581896
4.712237
30.653917
0.003863
5385.717040
159.823038
3.967836
0.004366
1851.382651
90.799084
12.629916
0.879481
16.528916
1069.749369
5.661157
0.003484
13.122363
349.110113
9.566415
8.559601
217.916476
55.157006
0.175504
4.997593
51.331660
12.814607
45.754978
0.362275
44.713663
4.536905
229.032616
1.422839
186.124131
498.850797
201.936331
19.024326
0.008285
158.353822
18.004263
0.172795
392.579532
4278.226322
1215.683658
47.649463
442.452095
262.518732
51.968303
2.823307
177.626020
18.196851
11.321419
1.320722
591.931622
29.169377
34.310803
2.418109
953.102698
155.770591
1319.213051
0.005029
782.986075
37.907426
1.865041
3.644231
0.007779
1.086101
0.273322
0.072168
7938.366898
4480.365631
118.261321
127.300595
364.362577
71.673948
23.908003
1.266743
1697.764993
60.812633
477.777127
0.103105
372.102067
17.390175
41.770374
2.345838
10.582636
0.463872
50.184381
0.009345
26.950251
1.748393
0.646721
6.997850
5848.949207
0.081432
0.320824
0.003489
78.199270
313.369636
24.674413
0.537966
32.575301
27.991174
20.346570
7.771806
1029.422537
1.391604
25.813908
2.526093
76.353754
0.883049
19.968231
0.006387
551.135127
0.003750
0.605568
0.001576
162.087072
0.749932
0.809644
7.963448
15.491012
3.375947
44.158669
20.956735
690.419462
98.192478
312.306304
10.333307
292.188824
84.766211
236.439035
1.214203
105.953193
8.521060
13.993739
3.517520
36.489566
0.003344
3.316567
0.003104
7.418135
0.003062
0.002509
0.010474
22.241329
5.751729
0.207893
6.602409
418.460793
818.550824
240.492877
650.247985
4426.274865
517.032282
188.931461
72.600082
1718.060127
133.967299
107.824926
14.622339
2912.169481
728.731090
12.122467
116.238477
17793.832694
69.898769
6.310493
3.003143
148.440849
1.658797
0.006070
0.292224
30.792111
143.990117
0.001799
66.642700
1437.656114
10956.927997
1292.666799
2793.921733
