12105.398088
365.068537
20.299939
13.423317
174.177744
1.642108
0.437832
0.003028
17.228295
213.557685
0.066575
0.212451
3702.653437
467.164858
13.203152
58.728428
1393.953320
33.858159
107.792302
140.553581
208.283661
575.283699
31.062675
5.377586
397.284502
16362.516691
16.811391
8.657805
1942.723937
343.290671
40.580966
50.546978
0.887107
251.117781
1.216981
0.701503
25.411741
3579.159252
257.177032
0.001521
3.687614
12.392621
7.240656
1.284530
177.050545
165.005122
18.127676
2.688776
33.537290
319.662352
6.695419
19.592862
42.807501
6195.130260
120.615513
23.028956
636.011239
27.463229
15.625004
2.111358
236.893275
0.307682
0.109236
0.460507
7.402556
2047.561169
5.579667
9.589019
64.929595
36.433765
9.283153
0.003363
86.990635
21.616385
0.002759
26.713815
268.125358
191.739970
0.627350
0.003482
2.065475
1463.470801
0.191471
0.510062
228.112213
1.128335
0.004700
2.149078
21.727613
0.164475
1.031260
0.006908
6.090217
7.857158
0.009210
0.006334
37.300251
2430.346493
0.290996
0.005954
307.776406
133.035762
2.922150
4.450413
16.523841
3.351336
0.004740
0.485643
2821.249676
431.028445
0.003737
9.896638
117.509758
67.056038
28.499415
19.279189
0.005680
0.003412
0.002823
0.001116
84.141660
89.870605
38.027851
3.132462
8.777270
1669.941546
14.888126
1.796871
110.564960
81.831822
5.217930
2.784707
1128.556564
379.442523
0.388061
27.953563
15.556720
1165.406614
0.832363
44.753958
217.933840
65.705944
8.966489
71.033683
3161.384437
0.229330
0.001285
0.001882
504.858705
10.979125
0.772311
52.294623
400.521621
698.841908
4.793368
105.418396
162.380383
126.795341
33.195071
2.412267
441.788707
47.388324
3.527031
75.786950
519.700211
1110.536100
11.451144
771.902715
11920.354503
875.874176
45.720166
198.934559
927.798295
4.094774
1.429820
24.623023
658.908082
94.781079
49.710758
326.776015
75.433711
4506.432518
6.254935
147.054140
1618.437454
5077.090351
95.075918
1.511810
594.633529
59.265731
56.008520
10.273671
951.767341
8306.772225
6.502261
288.041693
