16107.457992
5706.505641
20.271570
107.937973
3546.946134
531.286702
2.090941
11.187471
981.265873
13.974798
1.235961
0.189027
225.479582
0.139361
0.957838
0.095112
274.480752
9.138976
117.215790
0.010894
1326.868564
495.488740
23.576617
4.716900
6570.777263
438.353211
44.799715
2.454632
11.800219
1435.249175
0.663068
63.878292
26.836670
0.837000
0.013223
4.854505
27.601981
15.583263
1.037412
0.763306
1.097244
105.870054
3.727833
0.113304
52.824974
92.421662
31.144831
0.426301
64.707301
849.374305
9.485885
3.780308
112.774233
4609.731622
52.536065
15.242162
1570.423919
317.574081
0.514032
2.772914
1691.868871
18.524990
0.007735
5.722423
142.396670
47.054804
41.295133
79.539009
103.877873
43.580299
8.577167
3.460151
161.539815
1348.759732
707.028703
1.577165
38.156963
136.211351
7.542472
0.597366
9.663890
264.914933
6.608682
0.184389
12.516401
390.907145
2.196167
1.766998
194.588097
24.414193
8.082690
5.427911
180.061106
284.383203
332.734119
28.946490
33.675969
61.052740
26.938555
0.008608
3.249439
32.908760
1.962133
0.094808
0.291243
0.302002
2.513399
0.006168
0.066191
32.031980
0.374842
0.003221
2202.386948
130.479393
7.778163
0.008993
450.586652
81.222009
3.589356
0.008555
17.219561
58.263013
13.129020
0.390016
88.316615
6.145827
12.042612
0.006921
0.813203
0.004791
0.007411
0.002261
0.006497
4.346577
0.139352
0.000000
18.279369
345.370729
0.013203
1.383390
238.911092
1051.801608
2.625710
3.005283
10.422417
160.143921
0.497582
1.287875
565.382169
14.944057
0.005257
2.234314
0.876266
425.998398
0.113256
0.017912
0.015168
4.142925
0.132634
0.221561
2.878915
83.256396
0.393410
0.004903
126.597956
1848.915737
74.887059
5.062953
243.567089
354.810100
0.008460
15.692100
182.221886
21927.715825
0.005950
36.160650
217.193676
22.862214
0.495656
51.654117
37.574415
3018.852702
0.062507
6.752055
7.290214
39.882169
0.010048
18.807286
61.781547
738.293277
21.129155
1.204813
639.449471
12655.133411
150.488022
69.727034
