7295.968198
262.159563
0.000635
0.001208
11117.176635
154.316004
43.048102
155.203602
1315.713018
1.287607
2.013323
0.001110
2973.558033
82.204335
14.079992
0.200403
5825.385012
191.182119
178.015078
32.614109
468.175538
0.001474
0.348542
15.236652
5.881299
0.001155
0.001425
4.710586
1662.010893
67.108924
0.000421
166.723561
707.642315
30.193770
1.570492
3.033602
112.844291
50.880550
4.506715
0.456553
83.028223
60.534914
30.493867
1.015203
336.691537
1972.840209
2.041852
27.930947
13.136456
1.735101
7.904849
96.685865
0.834653
288.290945
0.106919
238.913389
93.837492
20.013359
7.455604
0.000635
264.670682
89.868981
27.530907
3.858252
957.200481
411.185312
0.000798
1.231804
907.127687
65.127941
1.700570
0.001412
46.440706
0.529817
3.576992
0.000822
10.225574
1057.504526
0.001054
48.389849
7946.889553
2.537189
0.001187
169.515189
0.001473
71.579139
278.477753
0.682218
143.105977
57.196153
0.198584
2.978548
1458.949846
106.515688
109.211708
3.219170
11.858355
0.409314
120.077991
0.000794
12.686817
6.918089
3.706934
0.001293
685.937359
49.987514
1.048356
18.236564
73.260019
17.676606
26.276723
6.779715
2897.354915
38.784705
123.326850
23.752988
120.876769
36.117188
62.220157
2.269089
231.498125
17.263633
74.975310
10.288267
146.707257
32.891564
5.219216
22.481921
482.275253
14.543248
124.500443
11.008199
52.789067
595.540969
25.145492
6.464408
629.247658
209.110206
39.204411
26.809105
649.184260
1423.458406
37.274217
58.618465
103.195130
19.543429
16.761280
0.251223
68.329781
429.443358
5.478721
1.902023
52.961902
0.001382
5.688064
79.711610
967.847324
8.598063
20.427738
7.004764
810.713004
525.133193
241.129869
9.797496
1280.824519
387.238787
77.766659
255.234378
12312.167284
431.786139
0.751631
371.363692
535.730923
2598.418953
187.685096
8.844879
2166.219916
757.897867
4.442848
23.396482
5301.407863
133.435557
0.102154
11.565122
4077.042019
1121.842497
41.908836
310.326609
564.149085
0.376009
326.179409
21.035627
6411.935890
4283.639187
202.357283
224.376915
