1975.820085
304.242138
5.075014
2.218887
2.497497
1.280635
0.006267
0.153081
260.503934
12.044836
0.010107
1.211798
715.421006
31.975274
8.262469
20.450266
5984.407514
245.465700
0.130670
636.083024
69.637666
128.168339
0.551858
2.954919
474.087089
355.954905
23.491879
0.009856
7741.327668
194.793580
18.556248
28.931910
51.778193
2.032758
0.018007
0.070067
4.335643
1606.892928
3.767252
0.011616
60.148837
138.815167
6.471621
1.471729
285.852915
29.776661
2.628170
19.642210
136.607522
203.244976
19.249774
0.298456
520.126578
4635.071193
8.774755
7.979269
270.529450
847.361971
44.004898
85.570030
10.647488
25.472902
5.338788
1.128717
86.629075
1072.548517
224.777609
12.644738
33.327881
112.282988
31.132209
0.056478
48.352311
90.517554
24.792293
12.463652
68.100026
565.153682
10.753057
4.246549
37.000188
18802.350489
6.652235
0.297271
148.348215
20.823455
46.668557
36.324045
1152.151542
27.487197
0.084789
0.445740
1.809394
333.746138
17.810489
0.225626
4.694080
65.453470
1.381711
0.229945
118.659900
15.106454
3.222399
2.829174
10.276138
3.138169
1.075903
0.119593
12254.782250
533.039729
0.458173
0.827763
160.552007
74.877817
1.458183
13.900147
11.806212
22.213516
0.952720
1.698501
0.050039
0.011044
0.009598
0.004569
125.638063
0.141407
0.171144
0.008475
39.861229
0.702624
6.220631
0.379380
2680.782126
96.037596
0.705842
0.251340
57.677084
16.836500
0.009174
0.014194
5109.390404
444.154545
75.916448
185.399321
386.347823
46.907206
7.336175
5.609083
4.638288
0.326645
0.012029
0.006339
9.177869
0.076754
0.666315
0.015792
101.757840
12.955182
1.616067
0.017997
26.640762
42.779217
0.018862
0.004347
152.731789
2.358308
0.008933
0.004925
2454.949441
214.002058
15.991870
93.179649
80.127435
13.581205
1.955419
0.011252
54.808240
41.647062
0.856608
0.012402
1268.326111
807.756675
55.555744
4.412600
3287.620406
171.102453
418.876376
0.507358
861.939242
3.531685
4.845841
0.014745
0.632671
9.621952
0.008063
0.003778
