9.813598
1.702185
0.001392
0.005388
1150.439534
101.250792
0.174481
3.885148
8843.041437
58.093084
15.924886
7.538223
633.950619
10.849152
3.498981
0.635225
4717.018381
382.267612
22.076528
45.439412
3748.547427
95.081654
4.409686
9.975044
334.543125
10230.742097
73.411896
8.564389
133.717292
443.381971
0.009971
0.040415
2085.575714
26.556763
0.054550
106.886140
803.609619
20.483329
4.846139
1.434385
30.114108
723.903446
0.556730
0.043905
82.601090
239.107717
18.058004
0.085680
137.146106
121.193956
63.366204
41.660965
557.267901
2264.526461
319.044717
23.543225
15.437519
5852.672013
2.469036
1.779882
112.568108
156.141173
1.401363
40.230189
264.857099
55.013420
48.048961
0.698805
49.326550
920.966587
0.436042
0.011468
116.426382
10.703918
38.930830
12.151071
159.109867
166.210034
11.904078
2.388804
125.065872
1482.683583
6.024294
0.719019
276.689224
2410.382322
26.256853
22.889724
209.616148
79.220775
36.205066
18.562004
192.309970
34.679667
52.652573
1.182413
5.747977
201.303164
3.586995
2.235505
216.305610
32.252413
10.575761
5.561503
1191.030442
7.459910
0.005155
0.004596
4.482491
228.243687
0.007875
0.004787
95.676636
304.199807
36.927269
6.636586
8.874044
24.699423
5.138699
1.105983
21.210230
6.242792
0.837377
0.386786
479.750995
16.083299
0.814139
2.716064
1515.332935
163.470014
103.918908
19.648749
14.174555
29.489791
0.245760
0.008095
0.118609
7.180081
0.322059
0.187139
3.176753
1.897703
0.007337
0.003067
68.197950
1.208980
0.282410
0.005703
4459.605757
28.804506
0.085884
84.432682
2.657697
42.449933
0.359251
0.117723
16.847970
2.514194
3.048485
0.084721
1.844117
65.863577
0.167362
0.008219
13.203844
502.841440
177.698603
1.074623
0.004219
0.011702
0.000000
0.004035
8.817145
27.661156
0.003580
2.039855
397.810028
0.006769
1.007059
844.972361
144.761693
7785.224130
0.585372
7.956293
4.618283
1638.312670
3.739008
14.479391
71.231569
351.847561
59.848810
17.526180
284.510476
13166.887315
678.230122
55.474648
