365.563007
28369.108228
9.290854
1.634734
66.073560
30.645774
8.740983
0.682794
74.822065
732.030123
0.525272
0.107837
231.909493
8.448026
5.482655
0.594899
153.529057
4385.291276
10.620900
5.003012
534.789949
162.316978
4.072093
5.013281
1299.471988
8017.694629
40.727353
38.965019
293.697617
5789.844435
21.786919
0.967046
7.349326
35.754892
1.745389
0.007659
4.753925
564.296509
19.902488
0.143897
87.677225
18.764935
7.985967
0.117040
51.981802
441.996764
52.558411
3.204823
273.471175
111.480941
13.601751
0.481114
1101.333414
134.064464
15.006951
0.165129
78.628256
1423.679207
59.365699
23.137638
1.231341
2.038190
0.403740
0.003897
4.384148
121.508218
1.855991
0.007939
16.427132
25.327321
2.495343
0.099746
179.527838
525.438055
168.396930
0.011294
25.697962
14.180048
1.394557
0.023192
34.829259
46.221098
2.009957
0.004823
0.511203
209.823832
1.516493
0.160038
0.019350
5.842983
0.032709
0.001219
29.608305
17.440848
0.782698
0.017568
401.471951
73.272783
6.983194
0.099419
198.179108
5.961059
158.008696
0.010920
71.275860
7.582179
0.322995
0.022538
0.552333
1.994288
0.221059
0.000000
0.014214
102.259359
0.881649
0.010077
32.544030
0.912152
0.014369
0.041120
690.081047
1.146620
3.529169
1.077513
62.261303
9.701395
4.219073
2.777089
3051.297947
1.273524
3.436957
0.191885
1.004494
0.045970
0.017701
0.008261
0.004701
36.599186
0.006854
0.000000
0.014480
0.004764
0.001430
0.000635
0.310724
12.278324
0.014117
0.284619
4.572387
13.965272
0.110069
2.601106
1000.147784
39.814332
0.428926
3.831727
2.353469
103.637284
0.060035
28.145374
15.801638
17.815625
0.015920
3.343888
7.142772
141.994473
0.020477
0.834540
0.007774
0.001725
0.000000
0.000881
0.372511
0.261153
0.003358
0.010600
60.777821
307.290268
0.008334
11.853339
615.681539
41.609961
0.025397
243.903100
343.618527
4878.180650
0.073477
23.959226
95.569568
1170.913477
11.294236
82.881629
2370.659826
15656.829636
106.228676
11.513890
