0.013665
178.876784
0.009636
0.007019
0.016784
0.859760
0.154578
0.000000
73.116403
12.293418
0.274130
0.243307
7953.199515
920.428306
0.006251
61.560894
1761.080838
513.560683
52.943845
57.693354
470.731159
170.411865
14.524140
2.661484
244.075653
18313.188225
81.280780
88.639852
26.428922
9073.273919
1.292429
10.470962
0.202116
95.408809
3.332506
0.006249
0.223250
48.386613
11.805358
0.105654
22.863148
645.525238
2.184742
0.200671
280.491726
1069.157840
8.877379
5.594431
134.137270
42.647724
8.079457
0.729026
36.878369
2750.983415
39.605441
10.028408
148.967330
1358.741527
287.055809
33.262816
3.593631
130.866325
4.940674
0.598111
1.143170
390.908597
7.494977
0.454581
12.952624
1010.713071
14.739417
9.632269
70.410271
189.164572
4.708895
68.635215
198.942145
38.472595
0.484811
1.698843
129.434850
345.921053
1.970219
0.135015
1.808928
609.711645
0.750740
1.494632
565.695637
87.794487
15.732489
0.131050
24.313381
25.958966
114.178979
2.793899
20.292582
837.938990
6.897561
31.530038
51.690403
18.633183
6.438251
0.558945
34.915890
15.429186
0.523527
0.054211
2.226858
10.886436
0.005244
0.008973
65.018264
3.546468
0.336457
0.075361
91.353294
27.233820
0.444662
1.234690
805.705812
1.404888
101.690317
35.808343
498.898315
1562.761980
3.949070
5.950679
753.078504
255.643524
19.440078
21.540236
27.610231
192.995576
0.316599
1.567847
175.835846
59.529378
0.003467
0.009725
2.899798
0.077705
0.009013
0.004626
107.641395
9.116463
0.008122
1.071146
17.369221
3240.389591
2.426487
293.513217
78.292901
2432.902054
21.821339
44.435788
396.475510
104.532898
139.151837
1.036480
1184.537275
7.774172
5.220520
0.047394
9661.225177
40.394255
0.365819
0.011050
0.006632
16.813100
0.009452
0.002698
4.445513
432.528357
6.616533
0.029460
13.886950
5012.409801
50.886828
4.075623
209.492707
1890.954837
162.705848
17.878876
2538.489893
222.743662
862.261865
2.983299
122.031467
4.344544
7.149192
0.018007
49.668469
34.226639
0.006914
0.010935
