95.468045
2743.831835
0.025623
0.001563
623.500167
212.812390
0.142131
124.089483
811.713290
974.887575
26.463508
347.855689
6376.077592
29.551686
0.334280
0.660021
142.667281
1807.666543
36.523694
27.952059
90.165646
558.140566
10.406804
10.743697
45.504811
7441.898860
3.397043
0.405319
45.978235
3424.501712
5.620359
6.865270
83.043849
461.780126
8.484380
0.517958
145.521375
22.344822
5.000294
1.444518
32.190550
76.912033
1.679737
6.646645
360.258497
274.885701
1.258577
3.266056
113.971847
227.689794
39.281530
0.243808
52.626513
1228.986938
12.322759
0.848986
216.990609
8918.226940
104.264816
4.112255
20.341895
425.791549
161.852064
0.002422
7.193129
323.951230
0.104840
2.683354
302.416913
43.659767
0.332540
17.172521
0.734870
1137.135680
0.961752
160.907885
284.316131
12.769470
21.532284
1.863801
432.981290
2305.486242
253.152815
15.991057
29.963012
204.088116
0.490603
0.001474
19.954157
1356.774124
70.706194
0.002431
8.630194
92.814167
152.975791
0.002861
63.102442
356.745501
1.222623
1.885430
239.157885
140.887228
1.335067
4.476419
23.757157
124.752160
9.473710
2.084569
174.325139
4133.387540
8.961192
40.448468
5.428163
4425.736715
13.310312
0.002899
3.659122
2025.473527
3.801073
1.776887
0.002066
911.771380
0.116540
0.001479
5.219589
11.142463
1.085458
0.003651
78.987955
188.317422
34.701267
13.538906
752.193852
149.518468
0.002134
49.397020
891.331503
3299.332730
73.498964
65.970354
118.519820
2411.487155
7.905248
49.117028
11.600298
116.364695
0.421889
1.536563
0.005376
6.239120
0.001860
1.038939
0.005894
0.112864
0.004008
0.092081
2.646295
23.268055
0.066557
0.213257
60.175911
1377.392405
0.001882
33.014630
2.801814
661.970672
2.416520
18.913879
497.892958
11220.651559
0.005410
533.249643
58.915273
105.329083
0.003083
366.831129
14.003167
831.816060
7.574865
14.417398
14.655218
1616.013316
4.623837
59.679054
25.956694
6559.769254
38.260200
17.716135
53.903016
263.378524
25.225368
6.443021
97.597277
25538.198631
68.067054
15.255356
