31.659480
5025.339855
0.463342
1.315862
75.349117
110.591043
0.884906
35.185987
997.624552
15984.375453
18.675617
278.122832
1173.270597
1495.588302
25.206400
311.681298
264.061428
684.284656
3.127989
173.018781
0.337922
19.868252
1.714524
0.122344
0.041401
0.193974
0.005425
0.002528
19.552853
548.946844
1.156736
0.022400
0.537854
16.411864
11.198283
0.005664
11.905784
4285.885974
2.413012
2.885169
206.155497
24.254232
9.669537
42.955387
52.778304
237.370317
6.441365
12.861075
41.404497
652.755969
5.526950
4.411616
0.272096
44.843738
0.015308
0.008344
80.685569
9312.904109
55.571029
14.061474
18.207755
934.245461
118.566721
5.771904
4.312820
132.205657
1.669060
0.160583
35.813769
2957.945939
1250.417114
0.598778
357.562469
49.342020
49.302611
6.089057
3.485547
1.506285
0.026338
0.387112
0.010122
0.034000
0.079220
0.009571
0.095295
846.275595
0.352143
0.003402
8.222261
301.642142
1.903371
0.015749
143.688493
7.031048
11.830760
0.009126
66.947966
189.585269
62.466397
0.667610
2.307342
7.662464
25.448876
0.020986
0.024058
0.012200
10.297558
0.004590
4.692657
0.414494
0.272218
0.006165
0.940687
29.742953
2.675469
0.009000
34.503271
8.990720
3.652851
0.015881
89.173593
96.525409
215.162013
0.976706
219.918169
529.552390
150.014653
2.729265
100.976482
9.310180
0.542007
4.510991
1.166692
2.224949
0.016331
0.014183
71.801796
114.093843
3.784738
1.814492
94.089150
15.479340
59.544620
0.010655
72.720589
16.749232
65.523607
0.011933
30.449653
52.161836
13.259870
0.727060
4.560935
875.148880
1.250539
0.221402
2754.682858
368.695850
0.129051
240.241985
5.440857
20.394818
1.753265
0.870054
162.588275
1370.246871
141.380672
6.911564
1715.850046
3357.764789
445.626980
27.153575
1883.898002
85.450466
192.440505
0.148659
26.284464
14.397703
126.572011
1.531694
454.550196
1066.060372
0.005758
41.800000
79.358370
6169.474729
17.023060
21.440685
323.171962
28.024455
8.025897
39.227790
623.287786
9763.200016
2521.819974
3.439110
