33163.305660
7992.403222
14.866571
36.615453
4280.835193
909.429658
0.453597
13.911092
428.797143
168.019762
0.229791
3.598625
49.804158
6.327862
0.042389
1.324282
5.394879
0.011598
0.004277
0.004435
0.000000
0.000000
0.000000
0.000000
0.000000
0.000000
0.000000
0.000000
201.353774
776.880891
1.331919
1.768801
23.941909
67.176800
1.688546
0.186948
29.014381
5.962275
0.033858
0.185156
6.147781
0.251063
0.012873
0.020150
69.606454
0.003009
0.002876
0.000537
0.000000
0.000000
0.000000
0.000000
0.003146
0.001467
0.000353
0.000000
5.176210
72.667295
3.272617
0.274788
1.918371
94.682804
0.642293
1.003233
19.971937
2.917641
2.131676
0.055342
0.137356
0.162759
0.059051
0.017514
0.009566
0.002776
0.001514
0.000000
0.000620
0.004804
0.000709
0.000000
81.280503
0.600811
0.006289
0.000000
1405.011632
674.871217
1.859286
9.466938
451.542897
24.553731
0.401270
1.661992
1808.033475
3.666202
0.070289
0.124116
12.810814
0.351184
0.015221
0.018264
1.116531
0.004792
0.001609
0.003397
0.090962
0.435575
0.038658
0.000000
42.706623
61.447430
7.504127
0.148100
18.717803
598.864734
0.070406
0.692248
226.410828
209.624761
0.457820
2.678479
30.972768
80.358017
0.018749
0.427272
55.350186
2.551163
0.212721
0.094856
1.001212
0.902124
0.027128
0.010964
9.289803
40.082690
0.733986
0.000000
548.579229
122.454602
126.722810
4.130040
86.118464
359.532635
0.071782
10.467484
0.782322
27.573643
0.007677
8.045175
107.741176
115.529716
0.023191
8.822773
34.637292
157.484583
0.281209
2.266153
23.065980
6.777184
4.339697
1.477450
15.354167
92.808789
6.672563
0.040089
1145.352742
2162.958235
196.197296
3.858523
288.160894
151.750267
0.005859
4.874769
544.690767
11.437152
0.014464
3.777098
257.488352
9805.028916
1.246261
51.660414
706.463043
3146.826888
2.685755
18.875417
104.744059
57.881522
20.727969
10.812677
33.835822
262.641688
17.417646
1.438800
380.747577
19135.597387
293.453394
37.747496
