0.003374
1776.875731
1.939220
0.003268
223.633393
14.588020
0.153856
0.001855
2834.819782
301.776368
63.893165
145.765597
3942.790301
164.585056
289.056356
8.990338
122.478438
1372.301638
7.911892
5.775918
405.971786
353.567687
15.128313
65.574149
7051.122252
551.163436
0.225595
1124.934783
13.115187
5362.643566
45.528765
0.068932
4.470018
172.816821
37.213846
0.290024
174.876589
43.386890
3.253653
0.998547
150.248010
403.640783
23.509791
16.680913
29.295183
1154.256804
6.528566
0.575751
58.295349
125.598962
0.468196
11.611550
2078.697658
3206.765156
30.894256
72.211119
25.184871
10590.971048
176.752105
39.549035
1082.154120
508.131967
2.508081
3.893791
718.020528
42.836624
12.285737
1.878023
61.110309
0.002813
9.782048
0.060989
1.332228
96.600205
1.532750
0.754300
5.666237
51.565941
0.002296
1.653584
87.628700
568.852966
0.001715
212.303021
0.490285
1027.847996
5.305975
0.004954
2.098813
13.449695
0.764645
0.198064
27.865824
27.050120
70.943651
0.001235
157.374942
584.439758
10.974050
2.380979
1.210748
851.080598
189.765363
10.369630
2.604145
139.516319
0.909356
19.097991
53.947194
294.636155
2.853711
134.017191
78.258880
46.858982
259.224015
0.004091
34.074144
214.047187
3.207133
0.003796
93.051988
75.916649
32.548021
0.009421
811.536589
98.593130
15.462781
0.001770
425.781455
662.447513
0.374415
0.002130
116.910942
1.447299
4.182264
33.078379
6270.018299
318.813259
25.541090
29.883780
7826.826565
792.699762
20.227489
2.775020
184.374274
102.735284
9.062303
3.523423
82.982535
21.177783
5.175051
0.002164
17.309563
11.348849
5.094072
0.638893
7.520145
0.145827
0.003476
0.004985
587.283841
48.662897
14.369980
0.980954
16089.037405
0.586126
35.004119
0.248533
330.624716
13542.524143
0.011864
240.933390
1928.753049
487.550140
16.053722
7.227281
1507.164758
2767.653124
198.395795
26.479312
85.221588
922.352250
8.214175
4.639455
1280.430522
3554.785566
55.955102
6.262683
1642.075866
107.559709
1013.302534
21.528948
306.237722
228.742838
367.141787
0.001670
