14.108005
16.300492
0.002305
0.003952
702.307945
253.743144
0.376614
2.718436
2759.584641
116.423509
7.629759
57.722964
6546.793063
1567.736040
1.041401
34.142269
610.125391
66.056457
14.644829
1.342702
183.709377
372.943168
11.082734
0.735520
522.108029
17203.700814
21.400071
29.705009
2.603028
314.192892
8.680455
0.218694
20.184358
86.645349
0.447944
0.342204
124.523875
600.766077
1.431298
10.502451
141.773916
223.903465
2.518171
6.937101
37.478880
42.118187
21.943219
1.190100
83.373898
203.106630
3.004490
0.014032
436.487005
3173.615943
61.996823
3.410692
174.281760
7852.493159
0.829624
18.954041
4.904430
1091.859221
76.026959
0.576728
12.688088
51.000146
31.450660
3.729000
89.241721
25.818706
0.172401
4.528012
191.470396
764.993065
3.833664
263.125754
429.569353
240.859281
3.108444
4.334396
32.168131
1245.678049
0.306526
4.796961
2.789506
4686.803004
2.240346
0.277001
0.419523
7.977011
0.166744
0.090594
0.211283
321.652736
8.266458
0.014827
5.038958
67.601683
0.003257
6.087962
99.745938
28.011746
0.313402
115.544109
13.315553
329.192990
49.443901
19.710916
836.009638
5476.538268
17.748104
78.038603
15.912881
1002.669720
0.004684
6.403068
1.149484
48.948053
0.035456
2.156939
0.009318
0.800689
0.004565
0.013890
0.145320
9.466324
0.005697
0.009747
1.790760
80.807952
1.718502
0.530912
55.114629
464.501770
6.625096
40.693629
43.034767
2387.322249
0.002358
9.841877
299.731026
2031.426498
29.909270
56.521030
34.683699
279.855358
1.937333
101.262990
4.101889
1251.222754
0.008899
11.819709
0.005089
10.785262
0.003744
0.007378
0.672039
23.886110
0.008081
0.144321
0.613574
111.125618
0.003999
0.080433
8.920724
1409.615360
1.437662
0.957399
121.823790
704.515582
0.019100
26.089284
155.609147
10079.094889
0.007974
167.983474
665.313044
71.402489
0.090025
10.371184
29.101678
551.600434
0.011357
26.207423
63.205076
4039.170163
14.876825
44.530850
97.368473
176.372822
1.619090
5.472003
359.053494
21527.506543
136.497377
18.384148
