268.730099
18329.796738
55.231914
36.994033
41.261834
929.042587
6.560471
16.276576
107.479205
244.230809
87.921789
5.431509
124.418319
3360.947836
74.167900
26.475783
444.979139
14374.273885
39.072463
0.286059
155.344685
95.989737
14.416895
5.271094
32.982663
1281.234727
0.877487
0.012892
2.297397
7699.012102
2.568272
5.724560
6.067143
25.997221
16.453987
0.316396
390.068592
86.042049
3.401638
0.005395
527.329364
128.458777
239.515945
0.095765
31.726402
179.661629
3.141209
0.736771
9.205795
2.676900
0.150274
1.318892
0.002704
1.020089
0.003750
0.005537
0.225481
209.408850
0.971388
0.007199
42.832083
100.908220
21.755619
0.002997
12.622885
957.483792
23.184131
1.200792
15.296671
671.883350
352.371554
1.245763
0.473137
25.255967
0.391332
10.011925
0.210707
105.852640
0.004435
11.991394
133.608936
34.767040
0.363841
1.677284
83.811883
5485.262396
28.748625
0.639171
115.357262
507.489033
49.627166
0.005042
3.718596
55.846216
8.717272
0.004572
0.002017
6.358902
0.091555
0.133648
0.190432
1708.133341
0.670740
0.014477
20.989274
80.403959
12.940079
66.308692
4795.903713
1158.256025
0.064638
273.938835
217.919351
1564.543713
620.340808
7.407700
1.943412
415.485080
4.128715
0.004739
6.868181
10.078198
4.375052
0.004421
0.011660
2158.629132
1.758935
1.403533
0.556301
2658.261415
0.002498
4.381579
63.076361
70.024828
0.821223
0.004063
139.002728
320.136150
10.289702
53.500481
117.572993
1008.508288
22.275497
1.711038
48.052055
27.023119
0.217865
0.450005
19.461400
157.461787
7.950456
0.014411
57.202692
38.208623
14.896407
18.232294
20.118358
1336.694161
30.904925
88.200996
68.764736
520.514379
24.202717
61.025390
725.011074
702.220083
178.051186
4.054219
73.326034
170.751216
0.009604
0.006914
543.487849
11.434434
2.458517
7.765798
802.865240
11080.190888
4.637792
205.331213
33.865339
2932.636156
9.608132
45.581896
607.912924
4306.175144
229.538785
2.817616
333.824570
144.984818
308.415804
4.954079
1383.884616
296.429616
17.332675
2.169008
