0.930155
1625.401754
0.204633
0.161282
237.801072
102.140159
0.001764
0.936845
5348.915475
104.822417
8.867138
28.873048
2363.906360
763.295252
12.990929
78.300529
407.556355
1083.548837
64.305866
0.427822
153.042446
58.676887
6.634475
2.897810
2.087635
5.133005
0.069963
109.017972
15.767608
3584.075539
161.986722
44.802896
1.304859
46.093837
10.661554
0.007049
81.439943
750.440644
18.136099
0.053160
72.140207
98.699666
3.589765
18.307796
0.078938
585.732769
135.566999
0.271466
217.345549
264.915837
20.855166
24.057307
825.920285
95.438040
0.003000
294.634139
120.927844
9093.113990
11.231253
2.689556
4.677352
1460.255751
0.575620
0.001368
369.880403
25.463964
3.065741
3.573699
1077.977062
187.810433
2.210106
7.355206
510.675478
57.568518
0.004235
0.320948
5.170671
181.037373
1.404926
15.445578
445.414931
2577.235976
0.517669
42.082431
38.857537
221.918840
50.952908
1.214934
59.232578
174.379612
344.972652
1.983875
8.730131
608.274941
9.823758
67.286841
16.743256
7.231469
0.002237
2.403197
0.617755
0.006526
0.002770
4.225813
246.366172
10.493963
0.003457
29.705106
1590.983409
2843.808150
9.714242
1239.111597
3757.683672
493.233525
6.483075
0.012088
310.231772
1381.527272
33.228255
22.982132
975.901774
91.861648
13.664525
0.126164
305.181002
5.670629
6.255595
4.725125
1.141413
0.007551
0.003848
0.429216
37.452780
1.220691
0.346955
8.201292
113.149814
373.246066
35.790693
129.205938
12530.462203
48.574108
0.877647
43.972324
248.225559
12.241191
6.983008
267.108491
144.309112
891.884037
53.217899
11.009235
55.285794
18.975122
12.063704
30.939684
38.527343
0.666783
1.601580
0.007786
1795.625533
15.106952
2.981835
0.002535
6816.278251
278.728886
397.312783
38.167468
199.815633
0.008675
0.001188
3.172385
86.716551
75.450698
0.003516
3.967752
148.116241
999.761178
27.661331
84.225428
2198.891293
5826.420877
34.099130
550.568067
496.247630
139.457408
0.001816
24.693682
188.647798
1733.640736
167.568072
23.271585
680.289701
17275.376630
635.336568
1.591684
