1018.517950
12188.292208
40.256249
36.356548
336.299316
489.111146
10.244334
18.449634
60.476936
1104.568199
0.515818
17.118981
95.649909
3.268925
15.532926
2.216305
110.570572
230.648141
8.683061
11.443491
103.806714
17543.647083
2.847973
224.258403
253.060294
2336.458227
5.207427
88.152672
30.151507
1473.171083
3.681905
2.029887
3.240091
50.928017
0.053102
0.897977
3.580187
21.311469
0.212894
1.949960
7.317422
384.552550
0.544771
1.156006
83.570936
764.279218
2.515695
36.782346
53.065712
58.217144
0.468951
5.023326
150.281910
6763.674769
28.055048
13.443996
0.014721
58.879241
0.007373
0.005446
0.005686
0.050539
0.005721
0.019242
0.008869
0.095459
0.013995
0.014488
0.026951
122.047755
0.015478
0.167584
0.305591
8.994292
0.145074
24.871943
4.337626
424.648613
0.655282
0.135689
47.939643
141.674319
0.275533
0.696770
12.911401
451.442445
0.447064
6.443885
0.043181
33.994921
0.023108
1.276855
1.501441
6.194251
0.005384
0.014640
0.004215
20.718531
0.002503
0.003298
0.004336
0.014124
0.003095
0.001078
0.011073
2.247937
0.005054
0.017344
0.797835
194.886461
0.145356
0.003878
46.992518
1562.770179
6.811951
8.149678
18.100013
198.608035
0.119594
2.975634
11.824357
5.814377
0.003985
0.608306
0.025036
78.239734
0.003717
0.296207
0.020871
0.102962
0.010651
0.010420
0.375573
4.241046
0.062806
0.004043
30.753254
654.674606
1.254084
1.376999
896.934214
3944.385122
1.025808
65.583431
102.035811
672.532169
0.239990
19.738241
41.052671
27.004314
0.010923
16.643994
10.146583
14.987733
0.190800
0.021510
7.169459
259.219100
0.789759
0.663840
22.177938
92.204604
4.134563
0.015741
70.862641
3001.120232
9.836803
29.541134
319.328585
13189.031232
2.715341
19.979110
136.845167
849.433047
0.019406
1.658287
300.049397
163.485454
1.369931
10.511936
3.939124
3660.308697
0.036043
5.643608
23.608450
77.243816
2.101203
7.553818
367.719702
189.916365
1.999581
0.943774
544.623267
9640.965461
132.082791
43.848814
