2380.222286
154.292030
0.009900
0.728006
2216.070747
31.165492
0.043968
10.697702
320.745869
25.284209
0.002863
5.550690
8394.456654
466.607434
8.979250
280.202347
3155.969236
92.802866
200.968020
1628.970811
1016.248205
625.281796
57.046109
0.252910
146.862728
0.264922
0.054505
34.382540
677.503756
307.288434
0.082495
4.782877
81.400124
65.164838
0.002215
70.819590
792.828493
33.841347
6.650283
47.284661
226.867472
231.018917
53.231773
27.724266
420.792505
23.790004
82.704658
16.836432
13.073175
687.856127
2.035994
7.314694
19542.460148
262.309603
44.040740
45.781462
16.293726
539.783331
1.972779
14.661180
1357.215673
19.672392
1.266592
254.568051
5.091864
166.504675
4.154320
1.161029
28.590439
64.227626
338.036995
0.001870
37.283523
330.308566
60.672065
0.002123
17.394674
118.294363
1.130894
0.656454
3970.536086
2116.046089
145.380785
20.480879
135.457260
6709.394012
120.336310
21.322091
223.487023
201.605556
3.878298
8.798633
170.051779
68.385197
40.925531
4.519357
15.175986
87.680884
2.399727
0.197136
1500.044134
8.116723
0.359332
26.033664
457.272100
314.177943
127.616131
0.008907
3979.229515
1040.489624
524.649284
1.773307
250.889267
3549.318106
1113.200818
3.135635
19.192137
100.179249
0.910579
0.594772
112.444733
39.192081
29.697022
340.996124
60.265353
7.505193
0.870388
0.475269
180.485665
566.921881
5.456030
0.469916
0.513200
2591.236188
179.690259
12.674095
94.245139
114.489266
24.393663
0.013337
11.217325
73.093926
76.343663
9.223010
2.533313
32.546465
0.319378
0.173934
7.427452
0.758359
0.090777
52.556312
1204.684029
11.650366
1.472710
2.621067
14.338738
11.586172
2.915212
3.515983
1.315842
488.711983
4.052666
0.159666
0.004390
9.880292
0.007634
0.004622
851.705992
12.806734
2.242186
0.003656
0.009563
0.002173
0.002733
0.008279
175.050494
1.600187
0.004177
22.391773
10135.961906
6.899822
0.896379
1859.761865
5465.907547
376.416524
49.580077
3.291187
109.002933
106.324867
0.013716
20.866507
0.005440
721.259994
0.002046
6.101134
