13315.049295
893.691266
28.672836
84.652455
436.222667
110.666039
3.766831
0.101963
5.003254
8730.517602
26.849079
14.931542
104.566682
194.037366
667.654855
13.056244
614.700067
1377.637510
217.792872
309.648064
849.089525
2373.577791
37.717644
79.234085
171.279290
14283.341253
43.603314
10.918315
1183.049485
214.093559
137.859781
22.629978
49.923662
1.247725
0.051600
0.001216
1.790018
57.340916
89.147526
2.715107
66.169257
1068.740586
0.000786
0.001442
239.599264
184.899240
17.279403
3.430379
155.751054
284.843565
2.931494
2.049918
230.563414
2771.522470
73.481990
23.888034
0.002456
177.500582
7.441868
9.818625
11.256647
4.228908
1.166211
0.001149
10.402383
1219.580807
113.099703
2.432557
8.686708
512.923551
0.001317
30.078485
82.286175
808.143881
40.900782
4.450937
13.915005
134.482609
21.899283
0.002864
39.765250
3956.312454
28.103956
4.849520
78.542849
0.802159
33.854821
1.371339
8.211571
6.311595
0.275205
0.001905
0.405926
20.736498
2.529119
0.003747
36.350269
1118.518187
55.935216
0.000888
1691.851589
127.262686
1.637939
3.314226
2837.648552
19.581391
0.863115
0.001098
15.300463
495.544463
0.549205
0.302716
5388.070821
5.991818
1.019959
12.009309
687.395506
0.001306
0.688532
0.001732
45.495374
9.926083
6.205037
0.001758
0.171423
3310.683551
18.993607
0.700039
119.135693
337.561268
9.044208
62.046869
77.973098
32.168814
0.121361
31.718458
60.379879
587.307519
0.336637
51.290281
412.124625
98.989391
7.793482
96.066588
108.422084
0.001823
4.075995
0.405495
344.097371
4.895402
1.701450
17.085910
93.975491
1982.559249
69.364453
0.000423
368.016261
262.934888
0.506253
144.578290
52.234528
306.214395
6.642108
12.253499
246.304838
2163.017575
0.002332
486.224285
11179.619225
463.145037
35.472146
250.905048
1430.421299
13.431352
5.729408
27.277341
102.786962
48.386017
2.586879
64.697241
398.901912
3673.809996
26.299706
19.912160
2387.558180
5169.473841
199.823359
14.887351
141.455145
381.608808
1.112040
1.598336
948.710127
7323.912654
1.323624
165.642420
