109.714453
1.947503
0.005449
0.219208
196.002995
11.988139
0.470249
0.001544
418.736728
271.702239
225.291954
3.238587
1391.091504
75.411545
97.516803
250.195996
2312.875162
1005.865079
14.840444
135.258274
187.140070
34.218682
2.281109
23.200149
344.974293
71.479461
0.008541
56.534279
2174.316053
90.511275
1.022543
4.844021
6455.988429
0.444984
5.280135
0.005337
1966.108420
48.534701
18.117071
6.753940
439.457924
304.494996
54.648341
1.284732
72.623900
390.986052
79.694088
17.089405
28.815402
104.142474
2.591412
64.137712
10092.552176
4370.385057
0.114370
167.050585
14306.787950
727.802108
89.905836
123.359891
36.072987
26.727179
30.589630
0.005933
61.620737
34.039402
14.268687
0.793260
37.754044
656.857861
31.502701
3.162703
2103.106469
13.103361
1.863009
59.429413
117.330820
184.480179
1.156685
6.203712
517.240842
338.425538
0.001242
133.684901
487.156925
598.114866
3.748311
315.632006
148.020410
371.928985
886.511864
21.635086
703.094738
6.998299
1192.026476
10.332686
3410.624408
19.950321
0.011165
9.147515
46.675982
0.692811
0.335102
4.505164
6072.622277
22.703722
7.331916
0.004022
2.736274
157.098895
112.738437
0.002126
278.931731
175.874717
7.994075
5.749268
205.687983
1.636809
18.823598
98.776446
43.609763
64.986380
4.147095
226.964547
496.773702
637.242191
27.952521
139.210604
44.522925
10.979847
3.955786
0.028881
242.880471
13.534524
107.163028
0.002771
3673.021129
2888.578030
1132.454251
0.003332
4731.398448
211.710688
0.097002
25.301736
864.255620
10.704203
12.833272
2.151441
19.187520
39.113298
0.063971
1.513927
15.861892
368.844171
0.552438
141.973226
948.643398
237.330101
51.416729
5.627319
7.850086
9.710293
1.426341
0.004487
0.867648
23.656181
15.415391
0.006494
1511.614613
1697.604681
0.002544
10.535090
29.721552
49.444706
1.815580
0.279569
84.574442
40.648161
564.977461
0.907050
831.478165
1049.109608
6.280202
3.034380
7962.531038
161.102788
4.660625
0.001211
80.643312
8.895953
0.002639
0.008288
0.351487
0.520412
0.189809
0.001413
