3.022870
82.077174
0.011911
0.003907
580.587730
5.533452
0.128265
0.632215
10831.589037
221.772509
68.389674
80.009958
4372.271012
46.675718
101.041708
7.321905
1347.461727
30.479513
11.677222
6.138478
1355.064771
114.824917
0.818922
90.740650
13883.397181
784.721242
0.025094
135.637395
5.259102
917.552708
2.218090
0.001711
42.349270
14.972840
0.986663
0.259390
404.260033
29.668515
0.175678
1.698901
469.627055
26.796652
5.441465
15.766603
55.792077
125.064799
0.208466
4.411722
199.351360
30.077039
0.014747
333.568013
215.570619
284.954847
0.227150
1791.192078
184.923505
5167.216925
2.355153
18.153556
120.438100
657.937474
37.853467
3.447047
241.131077
57.181699
105.847236
0.015390
51.833315
1230.008368
0.887880
17.524318
3052.921930
63.715330
4.852329
6.580436
265.707786
0.541543
0.008186
20.060415
3742.785732
980.573303
1.388400
593.611011
48.408869
9130.190203
134.984311
1.295367
41.572482
49.764750
67.787211
0.549790
71.106182
19.613375
5.780084
0.142001
0.330575
564.300245
0.321309
2.984457
9.407782
1.062519
2.336905
10.618294
6.981453
36.328989
1.246598
1.892727
4760.457618
11.264241
14.005437
83.736189
2038.263201
198.080010
3.681737
0.130514
27.741339
44.505388
12.656336
2.409563
31.579958
2.708722
8.903431
0.006294
2330.716963
0.394447
4.985599
0.014545
1064.889048
0.011163
25.761700
0.024489
63.963292
0.062389
0.009726
0.006261
264.067017
8.149827
0.468607
8.285731
170.064644
871.199166
24.464484
3.290837
905.049805
99.116044
12.170920
3.527215
445.263861
40.022418
0.483899
9.827548
155.667349
7.855705
16.694604
0.017837
21.469120
1.536086
2.787422
0.010221
236.447347
0.081690
0.705446
0.007206
75.720524
15.184760
0.014089
6.218986
6157.800785
311.498388
168.969854
13.549457
2687.152091
167.407126
18.723069
143.372787
390.176176
3390.211654
88.196845
503.847195
397.646988
1543.479600
365.412934
31.945581
7359.613142
10.259338
151.836295
0.373577
1.830716
0.015389
0.008421
0.000172
742.493881
0.006372
0.004904
0.014292
