1535.875539
14349.602882
19.137291
23.155533
415.766161
649.489276
4.906934
84.812584
121.785822
5522.740157
43.598740
231.450565
390.015799
8019.077000
5.564852
1247.384922
260.205525
857.691436
0.010850
14.184971
33.107376
185.733067
15.607826
40.765704
359.890107
3542.578891
0.006721
0.091943
131.014112
928.602602
100.168108
45.310528
26.873097
484.506318
23.869623
7.116068
6.832264
112.785091
0.014621
1.980432
72.786262
175.427154
0.027287
2.462643
0.813242
463.091351
8.655535
18.931887
5.285685
7.391049
0.206858
0.004840
0.961551
563.657921
0.333312
0.557202
9360.517406
575.248963
20.465707
18.023786
1613.359287
80.384588
17.826687
1.428718
125.515047
404.816453
1.675677
4.402232
10.326983
4.155224
5.426272
0.096076
0.484009
3177.553273
1.147626
0.011301
0.010330
4.540784
0.004705
1.853733
3.817854
9.009905
0.005511
3.175567
155.531954
5586.614739
7.879592
20.440576
197.266430
167.105869
34.811380
2.793348
38.533541
809.861140
138.641110
1.019450
0.163771
88.265716
3.746405
0.065490
0.148509
13.230308
0.618716
60.964142
0.815069
3318.540682
0.312730
1.354851
1108.356026
97.761496
0.046561
68.603557
48.823148
2521.817370
1.630288
0.885655
11.034600
284.127652
3.462252
0.263900
0.011833
16.622660
3.041733
0.008894
0.011423
2.111639
2.964861
0.028609
12.688676
2105.599049
0.005562
0.280080
595.677913
66.017905
0.196514
5.115799
376.200740
352.641869
6.367365
22.090361
14.726640
942.579510
0.199244
9.631318
0.440163
217.408495
1.565973
1.221612
0.016969
31.281446
0.005840
0.007240
0.010954
51.869001
0.089504
0.002977
0.706377
0.377213
1.947348
0.002863
54.735881
30.508769
9.486043
0.015533
16148.038768
226.947548
12.172029
0.714771
198.184885
26856.509589
25.600224
23.373166
102.435786
1772.225556
7.502609
2.611085
57.632026
105.345203
70.615559
38.520410
34.482556
4194.143658
303.189682
8.446635
749.338154
693.772685
268.810651
0.544455
29.647426
11.982134
51.078425
0.013745
77.692089
62.503899
149.239051
0.000000
