562.455169
10662.247345
3.359737
25.035058
583.798211
910.546604
6.323125
181.744680
87.230249
2750.461499
18.176583
168.638191
1703.466904
10113.825297
25.286304
350.956518
100.701465
232.590290
2.385548
10.505295
30.431139
78.055333
0.011546
0.322060
1.575845
1384.488114
0.012240
7.354234
0.498799
336.562846
0.215671
0.022374
5.805886
8.863755
0.010747
0.063932
69.602828
107.617690
1.079031
5.919617
43.029345
1162.214256
5.506698
48.298709
8.181202
15.525813
1.120862
21.131830
7.964473
2229.098292
0.020000
0.589082
3.862483
124.627905
0.007009
0.987772
45.638715
4211.951185
3.142180
0.211147
0.570000
116.307666
0.835606
0.039184
0.115735
19.805233
9.592867
0.016517
0.088289
305.892770
39.087320
4.401230
0.261634
11.063626
4.316127
1.344775
2.529564
679.889462
0.116043
51.193379
92.479056
63.603260
0.520578
215.088189
136.156653
5627.908721
133.297577
11.764447
2.971430
141.290336
22.611038
0.002794
0.110015
15.875167
0.182080
0.014213
0.012483
14.318989
0.805613
0.026009
75.305459
7337.884455
0.389863
0.038781
28.528605
28.825290
6.751809
2.250275
878.833908
282.636544
2.123613
19.506260
4.524820
777.512886
9.220570
1.757199
0.018015
37.096445
0.705098
0.007910
0.013302
1.699150
0.122546
0.001500
0.444223
0.265080
0.012843
0.001765
56.341992
33.387842
2.035884
0.010902
625.761366
84.597099
1.172230
0.052773
54.727229
477.852164
9.483889
5.119220
0.007635
0.367178
0.005009
0.000000
0.007486
0.025748
0.018937
0.000000
0.762998
1.478031
0.023511
0.001714
1.456030
0.080217
0.916169
0.001711
0.294774
44.607564
43.394166
0.000000
34.679239
13.053409
1.895181
0.000000
4926.212582
394.290678
3.712039
0.055192
68.219073
1829.008437
2.652558
0.030655
16.678285
96.059258
5.191931
0.177674
18.384021
15366.362577
148.977597
3.461797
248.479828
3255.160958
204.980830
13.772032
1238.499434
256.404768
455.392751
0.440634
58.326966
14.806618
30.570059
0.009957
12.189601
7.607637
5.630999
0.000000
